								00 80 00 44 00 80 FC 44 00 00 20 41 00 80 00 44 00 80 FE 44 00 00 20 41 00 80 BD 43 00 80 FE 44
								00 00 20 41 00 80 BD 43 00 80 FC 44 00 00 20 41 00 80 00 44 00 80 FE 44 00 00 D8 C1 00 80 00 44
								00 80 FC 44 00 00 D8 C1 00 80 BD 43 00 80 FC 44 00 00 D8 C1 00 80 BD 43 00 80 FE 44 00 00 D8 C1
								00 80 00 44 00 80 FE 44 00 00 3C 42 00 80 99 43 00 80 FE 44 00 00 3C 42 00 80 99 43 00 80 FC 44
								00 00 3C 42 00 80 00 44 00 80 FC 44 00 00 3C 42 00 80 99 43 00 80 FC 44 00 00 20 41 00 80 99 43
								00 80 FE 44 00 00 20 41 00 00 29 C3 00 60 C0 44 00 00 8E 43 00 00 2B C3 00 A0 C0 44 00 00 8E 43
								00 00 45 C3 00 60 BD 44 00 00 8E 43 00 00 43 C3 00 20 BD 44 00 00 8E 43 00 00 43 C3 00 20 BD 44
								00 00 71 43 00 00 45 C3 00 60 BD 44 00 00 71 43 00 00 2B C3 00 A0 C0 44 00 00 71 43 00 00 29 C3
								00 60 C0 44 00 00 71 43 00 00 B3 43 00 A0 FC 44 00 00 20 41 00 00 B3 43 00 80 FC 44 00 00 20 41
								00 80 BD 43 00 A0 FC 44 00 00 20 41 00 00 B3 43 00 80 FC 44 00 00 D8 C1 00 00 B3 43 00 A0 FC 44
								00 00 D8 C1 00 80 BD 43 00 A0 FC 44 00 00 D8 C1 00 00 B3 43 00 80 FE 44 00 00 20 41 00 80 99 43
								00 80 FC 44 00 00 D8 C1 00 80 99 43 00 80 FE 44 00 00 D8 C1 00 00 B3 43 00 80 FE 44 00 00 D8 C1
								00 80 00 44 00 80 FC 44 00 00 00 C3 00 80 99 43 00 80 FC 44 00 00 00 C3 00 80 99 43 00 80 FE 44
								00 00 00 C3 00 80 00 44 00 80 FE 44 00 00 00 C3 00 00 F0 43 00 00 84 C4 00 00 F4 43 00 00 60 43
								00 00 84 C4 00 00 F4 43 00 00 F0 43 00 00 94 C4 00 00 F4 43 00 00 00 43 00 00 94 C4 00 00 F4 43
								00 00 F0 43 00 00 94 C4 00 00 F0 43 00 00 00 43 00 00 94 C4 00 00 F0 43 00 00 60 43 00 00 84 C4
								00 00 F0 43 00 00 F0 43 00 00 84 C4 00 00 F0 43 00 00 00 44 00 00 E7 44 00 00 98 43 00 80 EF 43
								00 00 E7 44 00 00 98 43 00 80 EF 43 00 A0 D6 44 00 00 98 43 00 00 00 44 00 A0 D6 44 00 00 98 43
								00 00 00 44 00 A0 D6 44 00 00 94 43 00 80 EF 43 00 A0 D6 44 00 00 94 43 00 80 EF 43 00 00 E7 44
								00 00 94 43 00 00 00 44 00 00 E7 44 00 00 94 43 00 00 01 C5 00 00 7C C4 00 00 F4 43 00 00 0D C5
								00 00 7C C4 00 00 F4 43 00 00 0D C5 00 00 86 C4 00 00 F4 43 00 00 01 C5 00 00 86 C4 00 00 F4 43
								00 00 01 C5 00 00 86 C4 00 00 F0 43 00 00 0D C5 00 00 86 C4 00 00 F0 43 00 00 0D C5 00 00 7C C4
								00 00 F0 43 00 00 01 C5 00 00 7C C4 00 00 F0 43 00 00 01 C5 00 00 7C C4 00 00 4A 44 00 00 0D C5
								00 00 7C C4 00 00 4A 44 00 00 0D C5 00 00 86 C4 00 00 4A 44 00 00 01 C5 00 00 86 C4 00 00 4A 44
								00 00 01 C5 00 00 86 C4 00 00 48 44 00 00 0D C5 00 00 86 C4 00 00 48 44 00 00 0D C5 00 00 7C C4
								00 00 48 44 00 00 01 C5 00 00 7C C4 00 00 48 44 00 80 12 44 00 00 00 45 00 C0 EF 43 00 40 00 44
								00 00 00 45 00 C0 EF 43 00 40 00 44 00 00 D2 44 00 C0 EF 43 00 80 12 44 00 00 D2 44 00 C0 EF 43
								00 80 12 44 00 00 D2 44 00 00 EE 43 00 40 00 44 00 00 D2 44 00 00 EE 43 00 40 00 44 00 00 00 45
								00 00 EE 43 00 80 12 44 00 00 00 45 00 00 EE 43 00 00 F0 43 00 00 84 C4 00 00 A4 43 00 00 60 43
								00 00 84 C4 00 00 A4 43 00 00 F0 43 00 00 94 C4 00 00 A4 43 00 00 00 43 00 00 94 C4 00 00 A4 43
								00 00 F0 43 00 00 94 C4 00 00 A0 43 00 00 00 43 00 00 94 C4 00 00 A0 43 00 00 60 43 00 00 84 C4
								00 00 A0 43 00 00 F0 43 00 00 84 C4 00 00 A0 43 00 00 01 C5 00 00 7C C4 00 00 22 44 00 00 0D C5
								00 00 7C C4 00 00 22 44 00 00 0D C5 00 00 86 C4 00 00 22 44 00 00 01 C5 00 00 86 C4 00 00 22 44
								00 00 01 C5 00 00 86 C4 00 00 20 44 00 00 0D C5 00 00 86 C4 00 00 20 44 00 00 0D C5 00 00 7C C4
								00 00 20 44 00 00 01 C5 00 00 7C C4 00 00 20 44 00 00 00 C4 00 00 80 C4 00 00 F6 43 00 00 20 C4
								00 00 80 C4 00 00 F6 43 00 00 20 C4 00 00 86 C4 00 00 F6 43 00 00 00 C4 00 00 86 C4 00 00 F6 43
								00 00 00 C4 00 00 86 C4 00 00 F0 43 00 00 20 C4 00 00 86 C4 00 00 F0 43 00 00 20 C4 00 00 80 C4
								00 00 F0 43 00 00 00 C4 00 00 80 C4 00 00 F0 43 00 40 C1 C4 00 A0 87 C4 00 00 86 43 00 00 E2 C4
								00 A0 87 C4 00 00 86 43 00 00 E2 C4 00 A0 88 C4 00 00 86 43 00 40 C1 C4 00 A0 88 C4 00 00 86 43
								00 40 C1 C4 00 A0 88 C4 00 00 00 43 00 00 E2 C4 00 A0 88 C4 00 00 00 43 00 00 E2 C4 00 A0 87 C4
								00 00 00 43 00 40 C1 C4 00 A0 87 C4 00 00 00 43 00 60 A1 C4 00 A0 87 C4 00 00 83 43 00 40 C1 C4
								00 A0 87 C4 00 00 83 43 00 40 C1 C4 00 A0 88 C4 00 00 83 43 00 60 A1 C4 00 A0 88 C4 00 00 83 43
								00 60 A1 C4 00 A0 88 C4 00 00 00 43 00 60 A1 C4 00 A0 87 C4 00 00 00 43 00 00 60 C4 00 00 80 C4
								00 00 23 44 00 00 80 C4 00 00 80 C4 00 00 23 44 00 00 80 C4 00 00 86 C4 00 00 23 44 00 00 60 C4
								00 00 86 C4 00 00 23 44 00 00 60 C4 00 00 86 C4 00 00 20 44 00 00 80 C4 00 00 86 C4 00 00 20 44
								00 00 80 C4 00 00 80 C4 00 00 20 44 00 00 60 C4 00 00 80 C4 00 00 20 44 00 00 60 C4 00 00 80 C4
								00 00 F6 43 00 00 80 C4 00 00 80 C4 00 00 F6 43 00 00 80 C4 00 00 86 C4 00 00 F6 43 00 00 60 C4
								00 00 86 C4 00 00 F6 43 00 00 60 C4 00 00 86 C4 00 00 F0 43 00 00 80 C4 00 00 86 C4 00 00 F0 43
								00 00 80 C4 00 00 80 C4 00 00 F0 43 00 00 60 C4 00 00 80 C4 00 00 F0 43 00 00 80 C4 00 A0 87 C4
								00 00 86 43 00 60 A1 C4 00 A0 87 C4 00 00 86 43 00 60 A1 C4 00 A0 88 C4 00 00 86 43 00 00 80 C4
								00 A0 88 C4 00 00 86 43 00 00 80 C4 00 A0 88 C4 00 00 00 43 00 00 80 C4 00 A0 87 C4 00 00 00 43
								00 00 58 42 00 C0 16 45 00 00 60 42 00 00 58 42 00 E0 15 45 00 00 60 42 00 00 DC 42 00 E0 15 45
								00 00 60 42 00 00 DC 42 00 C0 16 45 00 00 60 42 00 00 58 42 00 C0 16 45 00 00 00 00 00 00 58 42
								00 E0 15 45 00 00 00 00 00 00 C0 C1 00 A0 10 45 00 00 60 42 00 00 18 C2 00 A0 10 45 00 00 60 42
								00 00 18 C2 00 20 0D 45 00 00 60 42 00 00 C0 C1 00 20 0D 45 00 00 60 42 00 00 C0 C1 00 A0 10 45
								00 00 00 00 00 00 18 C2 00 A0 10 45 00 00 00 00 00 00 E8 43 00 00 18 45 00 00 60 42 00 00 E8 43
								00 20 17 45 00 00 60 42 00 00 02 44 00 20 17 45 00 00 60 42 00 00 02 44 00 00 18 45 00 00 60 42
								00 00 02 44 00 20 17 45 00 00 00 00 00 00 02 44 00 00 18 45 00 00 00 00 00 00 A2 C4 00 80 41 45
								00 00 60 43 00 80 A7 C4 00 80 41 45 00 00 60 43 00 80 A7 C4 00 80 2A 45 00 00 60 43 00 00 A2 C4
								00 80 2A 45 00 00 60 43 00 00 A2 C4 00 80 2A 45 00 00 00 C2 00 80 A7 C4 00 80 2A 45 00 00 00 C2
								00 80 A7 C4 00 80 41 45 00 00 00 C2 00 00 A2 C4 00 80 41 45 00 00 00 C2 00 00 00 C4 00 00 80 C4
								00 00 23 44 00 00 20 C4 00 00 80 C4 00 00 23 44 00 00 20 C4 00 00 86 C4 00 00 23 44 00 00 00 C4
								00 00 86 C4 00 00 23 44 00 00 00 C4 00 00 86 C4 00 00 20 44 00 00 20 C4 00 00 86 C4 00 00 20 44
								00 00 20 C4 00 00 80 C4 00 00 20 44 00 00 00 C4 00 00 80 C4 00 00 20 44 00 80 E7 43 00 A0 00 45
								00 00 60 42 00 80 E7 43 00 C0 FD 44 00 00 60 42 00 C0 01 44 00 C0 FD 44 00 00 60 42 00 C0 01 44
								00 A0 00 45 00 00 60 42 00 C0 01 44 00 C0 FD 44 00 00 00 00 00 C0 01 44 00 A0 00 45 00 00 00 00
								00 00 E8 43 00 60 10 45 00 00 60 42 00 00 E8 43 00 80 0F 45 00 00 60 42 00 00 02 44 00 80 0F 45
								00 00 60 42 00 00 02 44 00 60 10 45 00 00 60 42 00 00 02 44 00 80 0F 45 00 00 00 00 00 00 02 44
								00 60 10 45 00 00 00 00 00 80 AA 43 00 50 15 45 00 00 80 42 00 00 9B 43 00 50 15 45 00 00 80 42
								00 00 9B 43 00 30 13 45 00 00 80 42 00 80 AA 43 00 30 13 45 00 00 80 42 00 80 AA 43 00 30 13 45
								00 00 E0 41 00 00 9B 43 00 30 13 45 00 00 E0 41 00 00 9B 43 00 50 15 45 00 00 E0 41 00 80 AA 43
								00 50 15 45 00 00 E0 41 00 80 CF 43 00 30 09 45 00 00 80 42 00 80 BE 43 00 30 09 45 00 00 80 42
								00 80 BE 43 00 10 07 45 00 00 80 42 00 80 CF 43 00 10 07 45 00 00 80 42 00 80 CF 43 00 10 07 45
								00 00 E0 41 00 80 BE 43 00 10 07 45 00 00 E0 41 00 80 BE 43 00 30 09 45 00 00 E0 41 00 80 CF 43
								00 30 09 45 00 00 E0 41 00 00 00 40 00 00 FF 44 00 00 60 42 00 00 80 C1 00 00 FF 44 00 00 60 42
								00 00 80 C1 00 00 F6 44 00 00 60 42 00 00 00 40 00 00 F6 44 00 00 60 42 00 00 80 C1 00 00 F6 44
								00 00 20 C1 00 00 00 40 00 00 F6 44 00 00 20 C1 00 00 1E 43 00 40 09 45 00 00 80 42 00 00 FA 42
								00 40 09 45 00 00 80 42 00 00 FA 42 00 40 07 45 00 00 80 42 00 00 1E 43 00 40 07 45 00 00 80 42
								00 00 1E 43 00 40 07 45 00 00 E0 41 00 00 FA 42 00 40 07 45 00 00 E0 41 00 00 FA 42 00 40 09 45
								00 00 E0 41 00 00 1E 43 00 40 09 45 00 00 E0 41 00 00 D4 42 00 00 02 45 00 00 60 42 00 00 B0 42
								00 00 02 45 00 00 60 42 00 00 B0 42 00 00 FB 44 00 00 60 42 00 00 D4 42 00 00 FB 44 00 00 60 42
								00 00 B0 42 00 00 FB 44 00 00 20 C1 00 00 D4 42 00 00 FB 44 00 00 20 C1 00 00 9F 43 00 00 02 45
								00 00 60 42 00 00 94 43 00 00 02 45 00 00 60 42 00 00 94 43 00 00 FD 44 00 00 60 42 00 00 9F 43
								00 00 FD 44 00 00 60 42 00 00 94 43 00 00 FD 44 00 00 00 00 00 00 9F 43 00 00 FD 44 00 00 00 00
								00 00 46 43 00 60 20 45 00 00 80 42 00 00 37 43 00 60 20 45 00 00 80 42 00 00 37 43 00 40 1F 45
								00 00 80 42 00 00 46 43 00 40 1F 45 00 00 80 42 00 00 46 43 00 40 1F 45 00 00 88 C1 00 00 37 43
								00 40 1F 45 00 00 88 C1 00 00 37 43 00 60 20 45 00 00 88 C1 00 00 46 43 00 60 20 45 00 00 88 C1
								00 80 9F C4 00 00 41 45 00 00 A0 43 00 00 A2 C4 00 00 41 45 00 00 A0 43 00 00 A2 C4 00 00 2A 45
								00 00 A0 43 00 80 9F C4 00 00 2A 45 00 00 A0 43 00 80 9F C4 00 00 2A 45 00 00 00 00 00 00 A2 C4
								00 00 2A 45 00 00 00 00 00 00 A2 C4 00 00 41 45 00 00 00 00 00 80 9F C4 00 00 41 45 00 00 00 00
								00 00 C6 44 00 00 41 45 00 00 82 43 00 00 9E 44 00 00 41 45 00 00 82 43 00 00 9E 44 00 80 40 45
								00 00 82 43 00 00 C6 44 00 80 40 45 00 00 82 43 00 00 C6 44 00 80 40 45 00 00 C0 42 00 00 9E 44
								00 80 40 45 00 00 C0 42 00 00 9E 44 00 00 41 45 00 00 C0 42 00 00 C6 44 00 00 41 45 00 00 C0 42
								00 00 78 43 00 C0 E2 44 00 00 8D 43 00 00 70 43 00 C0 E2 44 00 00 8D 43 00 00 70 43 00 80 E1 44
								00 00 8D 43 00 00 78 43 00 80 E1 44 00 00 8D 43 00 00 78 43 00 80 E1 44 00 00 87 43 00 00 70 43
								00 80 E1 44 00 00 87 43 00 00 70 43 00 C0 E2 44 00 00 87 43 00 00 78 43 00 C0 E2 44 00 00 87 43
								00 00 99 43 00 80 FE 44 00 00 3C 42 00 00 C6 42 00 80 FE 44 00 00 3C 42 00 00 C6 42 00 80 FC 44
								00 00 3C 42 00 00 99 43 00 80 FC 44 00 00 3C 42 00 00 99 43 00 80 FC 44 00 00 00 41 00 00 C6 42
								00 80 FC 44 00 00 00 41 00 00 C6 42 00 80 FE 44 00 00 00 41 00 00 99 43 00 80 FE 44 00 00 00 41
								00 00 74 43 00 80 FE 44 00 00 00 41 00 00 74 43 00 80 FC 44 00 00 00 41 00 00 99 43 00 80 FE 44
								00 00 A0 C0 00 00 99 43 00 80 FC 44 00 00 A0 C0 00 00 74 43 00 80 FC 44 00 00 A0 C0 00 00 74 43
								00 80 FE 44 00 00 A0 C0 00 00 66 43 00 A0 FC 44 00 00 00 41 00 00 66 43 00 80 FC 44 00 00 00 41
								00 00 74 43 00 A0 FC 44 00 00 00 41 00 00 66 43 00 80 FC 44 00 00 A0 C0 00 00 66 43 00 A0 FC 44
								00 00 A0 C0 00 00 74 43 00 A0 FC 44 00 00 A0 C0 00 00 C6 42 00 80 FE 44 00 00 A0 C0 00 00 C6 42
								00 80 FC 44 00 00 A0 C0 00 00 99 43 00 80 FC 44 00 00 00 C3 00 00 C6 42 00 80 FC 44 00 00 00 C3
								00 00 C6 42 00 80 FE 44 00 00 00 C3 00 00 99 43 00 80 FE 44 00 00 00 C3 00 00 66 43 00 80 FE 44
								00 00 00 41 00 00 66 43 00 80 FE 44 00 00 A0 C0 00 00 CA 43 00 60 20 45 00 00 80 42 00 80 C2 43
								00 60 20 45 00 00 80 42 00 80 C2 43 00 40 1F 45 00 00 80 42 00 00 CA 43 00 40 1F 45 00 00 80 42
								00 00 CA 43 00 40 1F 45 00 00 88 C1 00 80 C2 43 00 40 1F 45 00 00 88 C1 00 80 C2 43 00 60 20 45
								00 00 88 C1 00 00 CA 43 00 60 20 45 00 00 88 C1 00 00 2D 44 00 C0 14 44 00 00 98 42 00 00 3F 44
								00 C0 14 44 00 00 98 42 00 00 2D 44 00 80 37 44 00 00 98 42 00 00 3F 44 00 40 38 44 00 00 98 42
								00 00 3F 44 00 C0 14 44 00 00 00 C2 00 00 2D 44 00 C0 14 44 00 00 00 C2 00 00 2D 44 00 80 37 44
								00 00 00 C2 00 00 3F 44 00 40 38 44 00 00 00 C2 00 80 AE C4 00 00 00 C3 00 00 68 42 00 80 AE C4
								00 00 50 C2 00 00 68 42 00 C0 B5 C4 00 00 00 C3 00 00 68 42 00 40 B6 C4 00 00 58 C2 00 00 68 42
								00 80 AE C4 00 00 00 C3 00 00 00 00 00 C0 B5 C4 00 00 00 C3 00 00 00 00 00 80 AE C4 00 00 50 C2
								00 00 00 00 00 40 B6 C4 00 00 58 C2 00 00 00 00 00 80 AB C4 00 00 A8 42 00 00 00 00 00 80 AB C4
								00 00 A8 42 00 00 68 42 00 80 A6 C4 00 00 00 42 00 00 68 42 00 80 A6 C4 00 00 00 42 00 00 00 00
								00 00 AE C4 00 00 90 C1 00 00 00 00 00 00 AE C4 00 00 90 C1 00 00 68 42 00 80 B3 C4 00 00 C0 41
								00 00 00 00 00 80 B3 C4 00 00 C0 41 00 00 68 42 00 80 04 C5 00 80 A0 44 00 00 30 43 00 80 04 C5
								00 80 B0 44 00 00 30 43 00 60 09 C5 00 80 B0 44 00 00 00 42 00 60 09 C5 00 80 A0 44 00 00 00 42
								00 60 09 C5 00 80 A0 44 00 00 30 43 00 60 09 C5 00 80 B0 44 00 00 30 43 00 40 00 C5 00 80 A0 44
								00 00 10 43 00 40 00 C5 00 80 A0 44 00 00 00 42 00 40 00 C5 00 80 B0 44 00 00 00 42 00 40 00 C5
								00 80 B0 44 00 00 10 43 00 80 04 C5 00 80 B0 44 00 00 10 43 00 80 04 C5 00 80 A0 44 00 00 10 43
								00 80 CD 43 00 A0 DC 44 00 00 B6 42 00 80 BE 43 00 A0 DC 44 00 00 B6 42 00 80 BE 43 00 60 E0 44
								00 00 B6 42 00 80 CD 43 00 60 E0 44 00 00 B6 42 00 80 CD 43 00 60 E0 44 00 00 BE 42 00 80 CD 43
								00 A0 DC 44 00 00 BE 42 00 80 BE 43 00 A0 DC 44 00 00 BE 42 00 80 BE 43 00 60 E0 44 00 00 BE 42
								00 00 C6 43 00 A0 DC 44 00 00 C6 42 00 00 C6 43 00 60 E0 44 00 00 C6 42 00 00 00 00 00 80 1B 45
								00 00 C0 43 00 00 00 00 00 40 21 45 00 00 C0 43 00 00 40 C2 00 40 21 45 00 00 C0 43 00 00 40 C2
								00 80 1B 45 00 00 C0 43 00 00 00 00 00 40 21 45 00 00 98 43 00 00 00 00 00 80 1B 45 00 00 98 43
								00 00 40 C2 00 80 1B 45 00 00 98 43 00 00 40 C2 00 40 21 45 00 00 98 43 00 00 67 44 00 00 C0 44
								00 00 E2 43 00 00 66 44 00 00 C0 44 00 00 E2 43 00 00 66 44 00 00 A5 44 00 00 E2 43 00 00 67 44
								00 00 C0 44 00 00 D2 43 00 00 66 44 00 00 A5 44 00 00 D2 43 00 00 66 44 00 00 C0 44 00 00 D2 43
								00 00 67 44 00 80 A4 44 00 00 D2 43 00 00 67 44 00 80 A4 44 00 00 E2 43 00 00 38 44 00 80 A4 44
								00 00 D2 43 00 00 38 44 00 80 A4 44 00 00 E2 43 00 00 3A 44 00 00 A5 44 00 00 E2 43 00 00 3A 44
								00 80 A4 44 00 00 E2 43 00 00 3A 44 00 00 A5 44 00 00 D2 43 00 00 3A 44 00 80 A4 44 00 00 D2 43
								00 00 3A 44 00 00 AC 44 00 00 D2 43 00 00 38 44 00 00 AC 44 00 00 D2 43 00 00 38 44 00 00 AC 44
								00 00 E2 43 00 00 3A 44 00 00 AC 44 00 00 E2 43 00 00 1C 42 00 B0 0B 45 00 00 04 C2 00 00 D8 42
								00 C0 0F 45 00 00 04 C2 00 00 E0 41 00 90 14 45 00 00 04 C2 00 00 08 C2 00 18 10 45 00 00 04 C2
								00 00 1C 42 00 B0 0B 45 00 00 02 C3 00 00 08 C2 00 18 10 45 00 00 02 C3 00 00 E0 41 00 90 14 45
								00 00 02 C3 00 00 D8 42 00 C0 0F 45 00 00 02 C3 00 60 9F 44 00 80 9F 43 00 00 C0 41 00 A0 9B 44
								00 80 9F 43 00 00 C0 41 00 A0 9B 44 00 C0 40 44 00 00 C0 41 00 60 9F 44 00 C0 40 44 00 00 C0 41
								00 60 9F 44 00 C0 40 44 00 00 E0 41 00 60 9F 44 00 80 9F 43 00 00 E0 41 00 A0 9B 44 00 80 9F 43
								00 00 E0 41 00 A0 9B 44 00 C0 40 44 00 00 E0 41 00 80 9D 44 00 80 9F 43 00 00 00 42 00 80 9D 44
								00 C0 40 44 00 00 00 42 00 60 E5 44 00 20 FE 44 00 00 07 43 00 A0 E1 44 00 20 FE 44 00 00 07 43
								00 20 E3 44 00 00 0F 45 00 00 07 43 00 60 DF 44 00 00 0F 45 00 00 07 43 00 20 E3 44 00 00 0F 45
								00 00 0B 43 00 60 E5 44 00 20 FE 44 00 00 0B 43 00 A0 E1 44 00 20 FE 44 00 00 0B 43 00 60 DF 44
								00 00 0F 45 00 00 0B 43 00 80 E3 44 00 20 FE 44 00 00 0F 43 00 40 E1 44 00 00 0F 45 00 00 0F 43
								00 00 B0 C4 00 00 FA C2 00 00 18 43 00 00 B0 C4 00 00 1B C3 00 00 18 43 00 C0 DC C4 00 00 1B C3
								00 00 18 43 00 80 E0 C4 00 00 FA C2 00 00 18 43 00 00 B0 C4 00 00 1B C3 00 00 1C 43 00 C0 DC C4
								00 00 1B C3 00 00 1C 43 00 00 B0 C4 00 00 FA C2 00 00 1C 43 00 80 E0 C4 00 00 FA C2 00 00 1C 43
								00 00 B0 C4 00 00 0C C3 00 00 20 43 00 A0 DE C4 00 00 0C C3 00 00 20 43 00 A0 9A 44 00 50 56 45
								00 00 7F 43 00 60 9E 44 00 50 56 45 00 00 7F 43 00 A0 9A 44 00 30 42 45 00 00 7F 43 00 60 9E 44
								00 50 40 45 00 00 7F 43 00 60 9E 44 00 50 56 45 00 80 81 43 00 60 9E 44 00 50 40 45 00 80 81 43
								00 A0 9A 44 00 50 56 45 00 80 81 43 00 A0 9A 44 00 30 42 45 00 80 81 43 00 80 9C 44 00 50 56 45
								00 80 83 43 00 80 9C 44 00 40 41 45 00 80 83 43 00 80 CD 43 00 80 CD 44 00 00 20 41 00 80 BE 43
								00 80 CD 44 00 00 20 41 00 80 CD 43 00 80 CD 44 00 00 60 41 00 80 BE 43 00 80 CD 44 00 00 60 41
								00 00 C6 43 00 80 CD 44 00 00 90 41 00 C0 08 44 00 00 00 45 00 00 EE 42 00 40 01 44 00 00 00 45
								00 00 EE 42 00 C0 08 44 00 D0 15 45 00 00 EE 42 00 40 01 44 00 B0 17 45 00 00 EE 42 00 40 01 44
								00 00 00 45 00 00 F6 42 00 40 01 44 00 B0 17 45 00 00 F6 42 00 C0 08 44 00 00 00 45 00 00 F6 42
								00 C0 08 44 00 D0 15 45 00 00 F6 42 00 00 05 44 00 00 00 45 00 00 FE 42 00 00 05 44 00 C0 16 45
								00 00 FE 42 00 00 65 C3 00 00 3F 44 00 00 C0 41 00 80 81 C3 00 00 3F 44 00 00 C0 41 00 80 81 C3
								00 E0 BF 44 00 00 C0 41 00 00 65 C3 00 E0 BF 44 00 00 C0 41 00 80 81 C3 00 00 3F 44 00 00 E0 41
								00 80 81 C3 00 E0 BF 44 00 00 E0 41 00 00 65 C3 00 E0 BF 44 00 00 E0 41 00 00 65 C3 00 00 3F 44
								00 00 E0 41 00 00 74 C3 00 E0 BF 44 00 00 00 42 00 00 74 C3 00 00 3F 44 00 00 00 42 00 C0 9C 44
								00 10 30 45 00 00 EE 42 00 80 A0 44 00 10 30 45 00 00 EE 42 00 C0 9C 44 00 B0 11 45 00 00 EE 42
								00 80 A0 44 00 D0 0F 45 00 00 EE 42 00 C0 9C 44 00 10 30 45 00 00 F6 42 00 C0 9C 44 00 B0 11 45
								00 00 F6 42 00 80 A0 44 00 10 30 45 00 00 F6 42 00 80 A0 44 00 D0 0F 45 00 00 F6 42 00 A0 9E 44
								00 10 30 45 00 00 FE 42 00 A0 9E 44 00 C0 10 45 00 00 FE 42 00 60 83 44 00 B0 11 45 00 00 EE 42
								00 40 7F 44 00 D0 0F 45 00 00 EE 42 00 40 7F 44 00 D0 15 45 00 00 EE 42 00 60 83 44 00 B0 17 45
								00 00 EE 42 00 60 83 44 00 B0 11 45 00 00 F6 42 00 60 83 44 00 B0 17 45 00 00 F6 42 00 40 7F 44
								00 D0 15 45 00 00 F6 42 00 40 7F 44 00 D0 0F 45 00 00 F6 42 00 80 81 44 00 C0 16 45 00 00 FE 42
								00 80 81 44 00 C0 10 45 00 00 FE 42 00 80 80 44 00 50 40 45 00 00 7F 43 00 80 79 44 00 30 42 45
								00 00 7F 43 00 80 80 44 00 50 40 45 00 80 81 43 00 80 79 44 00 30 42 45 00 80 81 43 00 40 7D 44
								00 40 41 45 00 80 83 43 00 80 BF 43 00 A0 DC 44 00 00 BE 42 00 80 BF 43 00 60 E0 44 00 00 BE 42
								CB 07 00 44 00 60 E0 44 00 00 BE 42 CB 07 00 44 00 A0 DC 44 00 00 BE 42 C6 07 00 44 00 A0 DC 44
								00 00 C6 42 00 80 BF 43 00 A0 DC 44 00 00 C6 42 00 80 BF 43 00 60 E0 44 00 00 C6 42 CF 07 00 44
								00 60 E0 44 00 00 C6 42 00 80 BF 43 00 80 DE 44 00 00 CE 42 CB 07 00 44 00 80 DE 44 00 00 CE 42
								00 00 77 43 00 C0 2D 45 00 00 8C 43 00 00 77 43 00 A0 2F 45 00 00 8C 43 CB 47 01 44 00 A0 2F 45
								00 00 8C 43 CB 47 01 44 00 C0 2D 45 00 00 8C 43 C6 47 01 44 00 C0 2D 45 00 00 8E 43 00 00 77 43
								00 C0 2D 45 00 00 8E 43 00 00 77 43 00 A0 2F 45 00 00 8E 43 CF 47 01 44 00 A0 2F 45 00 00 8E 43
								00 00 77 43 00 B0 2E 45 00 00 90 43 CA 47 01 44 00 B0 2E 45 00 00 90 43 00 60 CA 44 00 80 30 44
								00 00 40 42 00 A0 C6 44 00 80 30 44 00 00 40 42 00 A0 C6 44 00 80 40 44 00 00 40 42 00 60 CA 44
								00 80 40 44 00 00 40 42 00 60 CA 44 00 80 40 44 00 00 50 42 00 60 CA 44 00 80 30 44 00 00 50 42
								00 A0 C6 44 00 80 30 44 00 00 50 42 00 A0 C6 44 00 80 40 44 00 00 50 42 00 80 C8 44 00 80 30 44
								00 00 60 42 00 80 C8 44 00 80 40 44 00 00 60 42 00 D0 01 C5 00 00 FE C3 00 00 4F 43 00 B0 03 C5
								00 00 FE C3 00 00 4F 43 00 B0 03 C5 00 80 96 C3 00 00 4F 43 00 D0 01 C5 00 80 96 C3 00 00 4F 43
								00 D0 01 C5 00 80 96 C3 00 00 53 43 00 D0 01 C5 00 00 FE C3 00 00 53 43 00 B0 03 C5 00 00 FE C3
								00 00 53 43 00 B0 03 C5 00 80 96 C3 00 00 53 43 00 C0 02 C5 00 00 FE C3 00 00 57 43 00 C0 02 C5
								00 80 96 C3 00 00 57 43 00 00 0C C5 08 F0 1A C4 00 00 5F 43 80 8C 03 C5 00 B8 F5 C3 00 00 5F 43
								50 F0 0A C5 00 40 21 C4 00 00 5F 43 70 EC 01 C5 80 0F FE C3 00 00 5F 43 80 EC 01 C5 00 0F FE C3
								00 00 63 43 60 F0 0A C5 00 40 21 C4 00 00 63 43 00 00 0C C5 32 F0 1A C4 00 00 63 43 6E 8C 03 C5
								06 B8 F5 C3 00 00 63 43 30 78 0B C5 C0 17 1E C4 00 00 67 43 90 BC 02 C5 00 E3 F9 C3 00 00 67 43
								00 80 4A 44 00 00 D0 C3 00 00 F0 42 00 00 43 44 00 00 D0 C3 00 00 F0 42 00 C0 46 44 00 00 9C C2
								00 00 F0 42 00 40 3F 44 00 00 9C C2 00 00 F0 42 00 C0 46 44 00 00 9C C2 00 00 F8 42 00 80 4A 44
								00 00 D0 C3 00 00 F8 42 00 00 43 44 00 00 D0 C3 00 00 F8 42 00 40 3F 44 00 00 9C C2 00 00 F8 42
								00 C0 46 44 00 00 D0 C3 00 00 00 43 00 00 43 44 00 00 9C C2 00 00 00 43 00 60 CA 44 00 00 A0 43
								00 00 8E 42 00 A0 C6 44 00 00 A0 43 00 00 8E 42 00 A0 C6 44 00 00 32 44 00 00 8E 42 00 60 CA 44
								00 00 32 44 00 00 8E 42 00 60 CA 44 00 00 32 44 00 00 96 42 00 60 CA 44 00 00 A0 43 00 00 96 42
								00 A0 C6 44 00 00 A0 43 00 00 96 42 00 A0 C6 44 00 00 32 44 00 00 96 42 00 80 C8 44 00 00 A0 43
								00 00 9E 42 00 80 C8 44 00 00 32 44 00 00 9E 42 00 00 AA C3 00 80 19 C4 00 00 06 43 00 00 AA C3
								00 00 21 C4 00 00 06 43 C0 07 00 C4 00 00 21 C4 00 00 19 43 80 07 00 C4 00 80 19 C4 00 00 19 43
								00 00 AA C3 00 00 21 C4 00 00 0A 43 80 07 00 C4 00 00 21 C4 00 00 1D 43 00 00 AA C3 00 80 19 C4
								00 00 0A 43 C0 07 00 C4 00 80 19 C4 00 00 1D 43 BE 07 00 C4 00 40 1D C4 00 00 21 43 00 00 AA C3
								00 40 1D C4 00 00 0E 43 00 00 AC C3 00 C0 20 C4 00 00 C0 42 00 00 AC C3 00 40 19 C4 00 00 C0 42
								00 E1 3B C3 00 40 19 C4 00 00 C0 42 C4 E0 3B C3 00 C0 20 C4 00 00 C0 42 42 E1 3B C3 00 C0 20 C4
								00 00 C8 42 00 00 AC C3 00 C0 20 C4 00 00 C8 42 00 00 AC C3 00 40 19 C4 00 00 C8 42 48 E1 3B C3
								00 40 19 C4 00 00 C8 42 00 00 AC C3 00 00 1D C4 00 00 D0 42 66 E1 3B C3 00 00 1D C4 00 00 D0 42
								00 00 42 C3 00 C0 20 C4 00 00 60 42 00 00 42 C3 00 40 19 C4 00 00 60 42 00 00 80 40 00 40 19 C4
								00 00 60 42 00 00 80 40 00 C0 20 C4 00 00 60 42 00 00 80 40 00 C0 20 C4 00 00 70 42 00 00 42 C3
								00 C0 20 C4 00 00 70 42 00 00 42 C3 00 40 19 C4 00 00 70 42 00 00 80 40 00 40 19 C4 00 00 70 42
								00 00 42 C3 00 00 1D C4 00 00 80 42 00 00 80 40 00 00 1D C4 00 00 80 42 00 40 E5 44 00 00 E0 44
								00 00 DE 42 00 80 E1 44 00 00 E0 44 00 00 DE 42 00 80 E1 44 E0 23 FF 44 00 00 DE 42 00 40 E5 44
								D7 23 FF 44 00 00 DE 42 00 40 E5 44 E0 23 FF 44 00 00 E6 42 00 40 E5 44 00 00 E0 44 00 00 E6 42
								00 80 E1 44 00 00 E0 44 00 00 E6 42 00 80 E1 44 D7 23 FF 44 00 00 E6 42 00 60 E3 44 00 00 E0 44
								00 00 EE 42 00 60 E3 44 D9 23 FF 44 00 00 EE 42 00 C0 DC C4 00 00 21 C4 00 00 18 43 00 80 E0 C4
								00 00 21 C4 00 00 18 43 00 80 E0 C4 00 00 21 C4 00 00 1C 43 00 C0 DC C4 00 00 21 C4 00 00 1C 43
								00 A0 DE C4 00 00 21 C4 00 00 20 43 00 80 46 44 00 00 A6 C2 00 00 08 43 00 00 3F 44 00 00 A6 C2
								00 00 08 43 00 00 3F 44 00 00 84 43 00 00 08 43 00 80 46 44 00 00 84 43 00 00 08 43 00 80 46 44
								00 00 84 43 00 00 0C 43 00 80 46 44 00 00 A6 C2 00 00 0C 43 00 00 3F 44 00 00 A6 C2 00 00 0C 43
								00 00 3F 44 00 00 84 43 00 00 0C 43 00 C0 42 44 00 00 A6 C2 00 00 10 43 00 C0 42 44 00 00 84 43
								00 00 10 43 00 80 80 44 00 30 3D 45 00 00 7F 43 00 80 79 44 00 30 3D 45 00 00 7F 43 00 80 80 44
								00 30 3D 45 00 80 81 43 00 80 79 44 00 30 3D 45 00 80 81 43 00 40 7D 44 00 30 3D 45 00 80 83 43
								00 40 79 44 00 80 37 45 00 00 7F 43 00 60 80 44 00 80 37 45 00 00 7F 43 00 40 79 44 00 B0 2F 45
								00 00 7F 43 00 60 80 44 00 D0 2D 45 00 00 7F 43 00 60 80 44 00 80 37 45 00 80 81 43 00 60 80 44
								00 D0 2D 45 00 80 81 43 00 40 79 44 00 80 37 45 00 80 81 43 00 40 79 44 00 B0 2F 45 00 80 81 43
								00 00 7D 44 00 80 37 45 00 80 83 43 00 00 7D 44 00 C0 2E 45 00 80 83 43 00 A0 16 C5 00 00 21 C4
								00 00 71 43 00 A0 16 C5 00 80 19 C4 00 00 71 43 00 D0 0A C5 00 80 19 C4 00 00 71 43 00 D0 0A C5
								00 00 21 C4 00 00 71 43 00 D0 0A C5 00 00 21 C4 00 00 75 43 00 A0 16 C5 00 00 21 C4 00 00 75 43
								00 A0 16 C5 00 80 19 C4 00 00 75 43 00 D0 0A C5 00 80 19 C4 00 00 75 43 00 A0 16 C5 00 40 1D C4
								00 00 79 43 00 D0 0A C5 00 40 1D C4 00 00 79 43 00 00 83 43 00 40 2A 45 00 00 8C 43 00 00 68 43
								00 40 2A 45 00 00 8C 43 00 00 68 43 EE 71 3A 45 00 00 8C 43 00 00 83 43 EE 71 3A 45 00 00 8C 43
								00 00 83 43 EF 71 3A 45 00 00 8E 43 00 00 83 43 00 40 2A 45 00 00 8E 43 00 00 68 43 00 40 2A 45
								00 00 8E 43 00 00 68 43 EC 71 3A 45 00 00 8E 43 00 00 77 43 00 40 2A 45 00 00 90 43 00 00 77 43
								EE 71 3A 45 00 00 90 43 00 00 00 44 00 D0 2D 45 00 00 7F 43 00 00 00 44 00 B0 2F 45 00 00 7F 43
								00 00 00 44 00 D0 2D 45 00 80 81 43 00 00 00 44 00 B0 2F 45 00 80 81 43 00 00 00 44 00 C0 2E 45
								00 80 83 43 00 60 81 44 00 30 36 45 00 80 8A 43 00 40 7B 44 00 30 36 45 00 80 8A 43 00 40 7B 44
								00 30 3E 45 00 80 8A 43 00 60 81 44 00 30 3E 45 00 80 8A 43 00 60 81 44 00 30 3E 45 00 80 8C 43
								00 60 81 44 00 30 36 45 00 80 8C 43 00 40 7B 44 00 30 36 45 00 80 8C 43 00 40 7B 44 00 30 3E 45
								00 80 8C 43 00 00 7F 44 00 30 36 45 00 80 8E 43 00 00 7F 44 00 30 3E 45 00 80 8E 43 00 D0 01 C5
								00 00 99 C3 00 00 2F 43 00 B0 03 C5 00 00 99 C3 00 00 2F 43 00 B0 03 C5 00 00 E0 C2 00 00 2F 43
								00 D0 01 C5 00 00 E0 C2 00 00 2F 43 00 D0 01 C5 00 00 E0 C2 00 00 33 43 00 D0 01 C5 00 00 99 C3
								00 00 33 43 00 B0 03 C5 00 00 99 C3 00 00 33 43 00 B0 03 C5 00 00 E0 C2 00 00 33 43 00 C0 02 C5
								00 00 99 C3 00 00 37 43 00 C0 02 C5 00 00 E0 C2 00 00 37 43 00 00 42 43 00 80 20 45 E2 E0 83 42
								00 00 42 43 00 00 20 45 E2 E0 83 42 00 80 C4 43 00 00 20 45 DA E0 83 42 00 80 C4 43 00 80 20 45
								DC E0 83 42 00 80 C4 43 00 00 20 45 7C 1F EE C2 00 00 42 43 00 00 20 45 7E 1F EE C2 00 00 42 43
								00 80 20 45 7E 1F EE C2 00 80 C4 43 00 80 20 45 7C 1F EE C2 
