								00 00 34 44 00 00 AC 44 00 00 54 44 00 00 2C 44 00 00 AC 44 00 00 54 44 00 00 2C 44 00 00 9C 44
								00 00 54 44 00 00 34 44 00 00 9C 44 00 00 54 44 00 00 33 44 00 00 AC 44 00 00 00 43 00 00 33 44
								00 00 9C 44 00 00 00 43 00 00 2D 44 00 00 9C 44 00 00 00 43 00 00 2D 44 00 00 AC 44 00 00 00 43
								00 00 2C 44 00 00 AC 44 00 00 04 43 00 00 2C 44 00 00 9C 44 00 00 04 43 00 00 34 44 00 00 9C 44
								00 00 04 43 00 00 34 44 00 00 AC 44 00 00 04 43 00 00 18 44 00 00 EF 44 00 00 E4 43 00 00 90 43
								00 00 EF 44 00 00 E4 43 00 00 90 43 00 00 CF 44 00 00 E4 43 00 00 18 44 00 00 CF 44 00 00 E4 43
								00 00 18 44 00 00 CF 44 00 00 98 43 00 00 90 43 00 00 CF 44 00 00 98 43 00 00 90 43 00 00 EF 44
								00 00 98 43 00 00 18 44 00 00 EF 44 00 00 98 43 00 00 0A C4 00 00 4A C4 00 00 8A 43 00 00 0E C4
								00 00 4A C4 00 00 8A 43 00 00 0E C4 00 00 86 C4 00 00 8A 43 00 00 0A C4 00 00 86 C4 00 00 8A 43
								00 00 0A C4 00 00 86 C4 00 00 80 C1 00 00 0E C4 00 00 86 C4 00 00 80 C1 00 00 0E C4 00 00 4A C4
								00 00 80 C1 00 00 0A C4 00 00 4A C4 00 00 80 C1 00 C0 5E 44 00 00 0C 45 00 00 20 C2 00 00 62 44
								EC FD 0E 45 00 00 20 C2 00 00 62 44 EC FD 0E 45 00 00 50 42 00 C0 5E 44 00 00 0C 45 00 00 50 42
								00 00 34 44 00 00 14 45 00 00 20 C2 00 00 34 44 00 00 0C 45 00 00 20 C2 00 00 34 44 00 00 0C 45
								00 00 50 42 00 00 34 44 00 00 14 45 00 00 50 42 00 00 62 44 00 00 14 45 00 00 20 C2 00 00 62 44
								00 00 14 45 00 00 50 42 00 00 DE 44 00 80 83 44 00 00 A0 43 00 80 C1 44 00 00 4E 44 00 00 A0 43
								00 80 C7 44 00 00 42 44 00 00 A0 43 00 00 E4 44 00 00 7B 44 00 00 A0 43 00 80 C1 44 00 00 4E 44
								00 00 00 43 00 00 DE 44 00 80 83 44 00 00 00 43 00 00 E4 44 00 00 7B 44 00 00 00 43 00 80 C7 44
								00 00 42 44 00 00 00 43 00 80 C5 C3 00 80 E5 C3 00 00 38 43 00 80 A3 C3 00 C0 03 C4 00 00 38 43
								00 00 C0 C3 00 00 E0 C3 00 00 38 43 00 00 9C C3 00 00 00 C4 00 00 38 43 00 80 C5 C3 00 80 E5 C3
								00 00 00 00 00 00 C0 C3 00 00 E0 C3 00 00 00 00 00 80 A3 C3 00 C0 03 C4 00 00 00 00 00 00 9C C3
								00 00 00 C4 00 00 00 00 00 00 C5 44 00 00 0B 45 00 00 B4 43 00 00 C4 44 00 00 0B 45 00 00 B4 43
								00 00 C4 44 00 00 C4 44 00 00 B4 43 00 00 C5 44 00 00 C4 44 00 00 B4 43 00 00 C4 44 00 00 C4 44
								00 00 94 43 00 00 C4 44 00 00 0B 45 00 00 94 43 00 00 C5 44 00 00 0B 45 00 00 94 43 00 00 C5 44
								00 00 C4 44 00 00 94 43 00 00 66 C3 00 00 88 42 00 00 18 43 00 00 66 C3 00 00 98 43 00 00 18 43
								00 00 6A C3 00 00 98 43 00 00 18 43 00 00 6A C3 00 00 88 42 00 00 18 43 00 00 5F C3 00 00 88 42
								00 00 08 43 00 00 71 C3 00 00 88 42 00 00 08 43 00 00 71 C3 00 00 98 43 00 00 08 43 00 00 5F C3
								00 00 98 43 00 00 08 43 00 00 71 C3 00 00 98 43 00 00 16 43 00 00 71 C3 00 00 88 42 00 00 16 43
								00 00 5F C3 00 00 88 42 00 00 16 43 00 00 5F C3 00 00 98 43 00 00 16 43 00 00 0C C4 00 00 40 C4
								00 00 CA 43 00 00 A0 C3 00 00 04 C4 00 00 CA 43 00 00 B6 C3 00 00 04 C4 00 00 CA 43 00 00 0C C4
								00 00 35 C4 00 00 CA 43 00 00 0C C4 00 00 40 C4 00 00 B0 43 00 00 A0 C3 00 00 04 C4 00 00 B0 43
								00 00 B6 C3 00 00 04 C4 00 00 B0 43 00 00 0C C4 00 00 35 C4 00 00 B0 43 00 00 2B 44 00 80 74 44
								00 00 34 44 00 00 C8 43 00 80 74 44 00 00 34 44 00 00 C8 43 00 00 23 44 00 00 34 44 00 00 2B 44
								00 00 23 44 00 00 34 44 00 00 2B 44 00 00 23 44 00 00 33 44 00 00 C8 43 00 00 23 44 00 00 33 44
								00 00 C8 43 00 80 74 44 00 00 33 44 00 00 2B 44 00 80 74 44 00 00 33 44 00 00 D8 43 00 00 D4 44
								00 00 98 43 00 00 00 42 00 00 D4 44 00 00 98 43 00 00 00 42 00 00 CE 44 00 00 98 43 00 00 D8 43
								00 00 CE 44 00 00 98 43 00 00 D8 43 00 00 CE 44 00 00 88 43 00 00 00 42 00 00 CE 44 00 00 88 43
								00 00 00 42 00 00 D4 44 00 00 88 43 00 00 D8 43 00 00 D4 44 00 00 88 43 00 80 71 C4 00 00 10 43
								00 00 C0 43 00 00 78 C4 00 00 10 43 00 00 C0 43 00 80 71 C4 00 00 B8 C3 00 00 C0 43 00 00 78 C4
								00 00 BE C3 00 00 C0 43 00 00 78 C4 00 00 10 43 00 00 B0 43 00 80 71 C4 00 00 10 43 00 00 B0 43
								00 80 71 C4 00 00 B8 C3 00 00 B0 43 00 00 78 C4 00 00 BE C3 00 00 B0 43 00 00 98 44 00 00 9A C4
								00 00 8C 43 00 00 70 44 00 00 9A C4 00 00 8C 43 00 00 70 44 00 00 CA C4 00 00 8C 43 00 00 98 44
								00 00 CA C4 00 00 8C 43 00 00 98 44 00 00 CA C4 00 00 80 C1 00 00 70 44 00 00 CA C4 00 00 80 C1
								00 00 70 44 00 00 9A C4 00 00 80 C1 00 00 98 44 00 00 9A C4 00 00 80 C1 00 00 BD 44 00 00 48 C4
								00 00 88 43 00 00 BD 44 00 00 08 C4 00 00 88 43 00 00 87 44 00 00 08 C4 00 00 88 43 00 00 87 44
								00 00 48 C4 00 00 88 43 00 00 BD 44 00 00 08 C4 00 00 1C C3 00 00 BD 44 00 00 48 C4 00 00 1C C3
								00 00 87 44 00 00 48 C4 00 00 1C C3 00 00 87 44 00 00 08 C4 00 00 1C C3 00 40 4B C4 00 C0 0B C4
								00 00 C0 43 00 80 44 C4 00 00 09 C4 00 00 C0 43 00 40 4B C4 00 C0 0B C4 00 00 B0 43 00 80 44 C4
								00 00 09 C4 00 00 B0 43 00 00 36 C4 00 00 83 C4 00 00 6C 43 00 00 56 C4 00 00 93 C4 00 00 6C 43
								00 00 76 C4 00 00 83 C4 00 00 6C 43 00 00 56 C4 00 00 66 C4 00 00 6C 43 00 00 72 C4 00 00 83 C4
								00 00 D0 43 00 00 56 C4 00 00 91 C4 00 00 D0 43 00 00 3A C4 00 00 83 C4 00 00 D0 43 00 00 56 C4
								00 00 6A C4 00 00 D0 43 00 40 DD 44 00 00 C0 43 00 00 48 43 00 40 DD 44 00 00 C8 43 00 00 48 43
								00 00 BF 44 00 00 C8 43 00 00 48 43 00 00 BF 44 00 00 C0 43 00 00 48 43 00 40 DD 44 00 00 C8 43
								00 00 1C C3 00 40 DD 44 00 00 C0 43 00 00 1C C3 00 00 BF 44 00 00 C0 43 00 00 1C C3 00 00 BF 44
								00 00 C8 43 00 00 1C C3 00 00 87 44 00 F0 06 45 00 00 20 C2 00 00 92 44 00 00 07 45 00 00 20 C2
								00 00 92 44 00 00 07 45 00 00 94 42 00 00 87 44 00 F0 06 45 00 00 94 42 00 00 B8 C3 00 00 EE 44
								00 00 A0 43 00 00 C0 C3 00 00 EE 44 00 00 A0 43 00 00 C0 C3 00 00 E4 44 00 00 A0 43 00 00 B8 C3
								00 00 E4 44 00 00 A0 43 00 00 B8 C3 00 00 E4 44 00 00 98 43 00 00 C0 C3 00 00 E4 44 00 00 98 43
								00 00 C0 C3 00 00 EE 44 00 00 98 43 00 00 B8 C3 00 00 EE 44 00 00 98 43 00 80 9F C4 00 00 E2 C3
								00 00 90 43 00 80 A6 C4 00 00 FE C3 00 00 90 43 00 80 A1 C4 00 00 09 C4 00 00 90 43 00 C0 97 C4
								00 00 EB C3 00 00 90 43 00 C0 97 C4 00 00 E2 C3 00 00 90 43 00 80 A1 C4 00 00 09 C4 00 00 88 43
								00 80 A6 C4 00 00 FE C3 00 00 88 43 00 40 A0 C4 00 00 E5 C3 00 00 88 43 00 C0 97 C4 00 00 EB C3
								00 00 88 43 00 C0 97 C4 00 00 E5 C3 00 00 88 43 00 00 04 C4 00 00 BB 44 00 00 48 44 00 00 08 C4
								00 00 BB 44 00 00 48 44 00 00 08 C4 00 00 81 44 00 00 48 44 00 00 04 C4 00 00 81 44 00 00 48 44
								00 00 04 C4 00 00 81 44 00 00 40 44 00 00 08 C4 00 00 81 44 00 00 40 44 00 00 08 C4 00 00 BB 44
								00 00 40 44 00 00 04 C4 00 00 BB 44 00 00 40 44 00 10 B4 C4 00 40 B6 43 00 00 A6 43 00 10 B4 C4
								00 40 B6 43 00 00 1D 42 FC FF B6 C4 F5 7F AA 43 00 00 1D 42 04 00 B7 C4 0A 80 AA 43 00 00 A6 43
								00 58 C0 C4 00 00 51 43 00 00 1D 42 00 58 C0 C4 00 00 51 43 00 00 A6 43 00 40 C3 C4 00 40 68 43
								00 00 A6 43 00 40 C3 C4 00 40 68 43 00 00 1D 42 00 D0 AF C4 00 A0 AA 43 00 00 A6 43 00 D0 AF C4
								00 A0 AA 43 00 00 1D 42 00 B8 B2 C4 00 40 B6 43 00 00 1D 42 00 B8 B2 C4 00 40 B6 43 00 00 A6 43
								00 00 BF C4 00 00 51 43 00 00 1D 42 00 00 BF C4 00 00 51 43 00 00 A6 43 00 40 C3 C4 00 00 73 43
								00 00 A6 43 00 40 C3 C4 00 00 73 43 00 00 1D 42 00 58 C0 C4 00 20 85 43 00 00 A6 43 00 58 C0 C4
								00 20 85 43 00 00 1D 42 00 80 BF C4 00 20 85 43 00 00 A6 43 00 80 BF C4 00 20 85 43 00 00 1D 42
								00 A0 BE C4 00 00 89 43 00 00 A6 43 00 A0 BE C4 00 00 89 43 00 00 1D 42 00 70 BE C4 00 40 88 43
								00 00 A6 43 00 70 BE C4 00 40 88 43 00 00 1D 42 00 B8 B7 C4 00 20 A3 43 00 00 1D 42 00 B8 B7 C4
								00 20 A3 43 00 00 A6 43 52 D8 B7 C4 84 9E A3 43 00 00 A6 43 AD D7 B7 C4 7C A1 A3 43 00 00 1D 42
								06 00 B7 C4 11 00 A7 43 00 00 A6 43 FB FF B6 C4 EE FF A6 43 00 00 1D 42 00 D0 AF C4 00 40 A5 43
								00 00 A6 43 00 D0 AF C4 00 40 A5 43 00 00 1D 42 00 58 C0 C4 00 40 86 43 00 00 00 00 00 58 C0 C4
								00 40 86 43 00 00 1D 42 00 40 BF C4 00 40 86 43 00 00 1D 42 00 40 BF C4 00 40 86 43 00 00 00 00
								00 50 C0 C4 00 C0 4E 43 00 00 00 00 00 50 C0 C4 00 C0 4E 43 00 00 1D 42 00 88 C3 C4 00 40 68 43
								00 00 1D 42 00 88 C3 C4 00 40 68 43 00 00 00 00 00 80 AF C4 00 00 AB 43 00 00 00 00 00 B0 B2 C4
								00 40 B7 43 00 00 00 00 00 B0 B2 C4 00 40 B7 43 00 00 1D 42 00 80 AF C4 00 00 AB 43 00 00 1D 42
								00 88 C3 C4 00 00 73 43 00 00 1D 42 00 88 C3 C4 00 00 73 43 00 00 00 00 00 00 BF C4 00 C0 4E 43
								00 00 00 00 00 00 BF C4 00 C0 4E 43 00 00 1D 42 00 40 B7 C4 00 C0 AA 43 00 00 1D 42 00 10 B4 C4
								00 40 B7 43 00 00 1D 42 00 10 B4 C4 00 40 B7 43 00 00 00 00 00 40 B7 C4 00 C0 AA 43 00 00 00 00
								FB 9F BE C4 17 00 89 43 00 00 00 00 00 70 BE C4 00 40 88 43 00 00 00 00 00 B8 B7 C4 00 20 A3 43
								00 00 00 00 00 D8 B7 C4 00 A0 A3 43 00 00 00 00 00 40 B7 C4 00 00 A6 43 00 00 1D 42 00 40 B7 C4
								00 00 A6 43 00 00 00 00 00 80 AF C4 00 40 A5 43 00 00 1D 42 00 80 AF C4 00 40 A5 43 00 00 00 00
								00 F0 AF C4 00 80 A3 43 00 00 1D 42 00 F0 AF C4 00 80 A3 43 00 00 00 00 00 20 B0 C4 00 00 A4 43
								00 00 A6 43 00 20 B0 C4 00 00 A4 43 00 00 1D 42 FF 3F CF C4 FE 7F C5 43 04 00 1C 42 FF 87 CE C4
								F7 5F C8 43 04 00 1C 42 00 88 CE C4 F9 5F C8 43 02 80 B0 43 FF 3F CF C4 FF 7F C5 43 02 80 B0 43
								FF B7 CE C4 F8 1F C9 43 04 00 1C 42 00 B8 CE C4 F9 1F C9 43 02 80 B0 43 FF 8F D3 C4 FD C7 B5 43
								00 00 00 BF 01 B8 D6 C4 FB 7F C2 43 09 FE FF BE FF FF CE C4 F6 7F C2 43 00 00 00 BF FF FF CE C4
								F6 7F C2 43 00 00 1C 42 00 32 D2 C4 01 C0 B5 43 00 00 1C 42 00 30 D2 C4 01 C8 B5 43 00 00 1C 42
								FF 2F D2 C4 F5 BF B6 43 00 00 1C 42 00 90 D3 C4 F1 BF B6 43 00 00 1C 42 FF 8F D3 C4 FE C7 B5 43
								00 00 1C 42 FF 8D D3 C4 FE BF B5 43 00 00 1C 42 FF 7F D6 C4 ED 7F C2 43 02 80 B0 43 FE 7F D6 C4
								E8 FF C7 43 02 80 B0 43 FE 7F D6 C4 E6 FF C7 43 04 00 1C 42 FF 7F D6 C4 EC 7F C2 43 04 00 1C 42
								00 40 CF C4 F8 7F C2 43 00 00 1C 42 00 40 CF C4 FA 7F C2 43 02 80 B0 43 FF 2F D2 C4 F6 BF B6 43
								02 80 B0 43 00 90 D3 C4 F2 BF B6 43 02 80 B0 43 01 32 D2 C4 01 C0 B5 43 00 00 00 BF 00 90 D3 C4
								F1 BF B6 43 00 00 00 BF 01 B8 D6 C4 FC 7F C2 43 04 00 1C 42 F3 3F CF C4 C6 80 C5 43 5C C0 1B 42
								00 20 CF C4 EA 7F C7 43 00 00 00 BF 1B 54 C7 C4 95 AF E6 43 00 00 00 BF 1B 54 C7 C4 97 AF E6 43
								02 80 B0 43 9E 3E CF C4 C2 85 C5 43 02 80 B0 43 FF FF CE C4 FE 7F C6 43 00 00 00 BF FF FF CE C4
								FE 7F C6 43 00 00 1C 42 00 B8 CE C4 FF 1F C9 43 00 00 00 BF 00 88 CE C4 FF 5F C8 43 00 00 00 BF
								01 B8 D6 C4 FE FF C7 43 04 00 1C 42 01 B8 D6 C4 FE FF C7 43 09 FE FF BE FF 07 C8 C4 F6 DF E3 43
								02 80 B0 43 FF 07 C8 C4 F5 DF E3 43 04 00 1C 42 FF 07 C8 C4 FD DF E3 43 00 00 00 BF FE C7 C7 C4
								F0 DF E2 43 04 00 1C 42 FE C7 C7 C4 F8 DF E2 43 00 00 00 BF FF CF C6 C4 FB BF E6 43 04 00 1C 42
								FE C7 C7 C4 F2 DF E2 43 02 80 B0 43 00 D0 C6 C4 04 C0 E6 43 00 00 00 BF 00 E8 C5 C4 01 C0 E6 43
								00 00 00 BF 00 E8 C5 C4 01 C0 E6 43 00 00 1C 42 FF B7 C2 C4 FD 7F F3 43 00 00 00 BF FF B7 C2 C4
								FD 7F F3 43 00 00 1C 42 FF B7 C2 C4 FB DF F8 43 00 00 00 BF FF B7 C2 C4 FC DF F8 43 00 00 1C 42
								FD EF C5 C4 FB CF 02 44 09 FE FF BE FD EF C5 C4 FB CF 02 44 04 00 1C 42 FD 3F C7 C4 FA CF 02 44
								09 FE FF BE FD 3F C7 C4 FA CF 02 44 04 00 1C 42 FD 6F C7 C4 FA 6F 02 44 09 FE FF BE FD 6F C7 C4
								FA 6F 02 44 04 00 1C 42 FF 87 C6 C4 FC DF E7 43 04 00 1C 42 FF 87 C6 C4 FD DF E7 43 02 80 B0 43
								FF E7 C5 C4 FC DF E7 43 04 00 1C 42 FF E7 C5 C4 FD DF E7 43 02 80 B0 43 FE FF C2 C4 F8 7F F3 43
								04 00 1C 42 FE FF C2 C4 FA 7F F3 43 02 80 B0 43 FE FF C2 C4 F7 DF F8 43 04 00 1C 42 FE FF C2 C4
								F8 DF F8 43 02 80 B0 43 FD E7 C5 C4 F8 3F 02 44 08 00 1C 42 FE E7 C5 C4 F8 3F 02 44 02 80 B0 43
								FD 3F C7 C4 F7 3F 02 44 08 00 1C 42 FD 3F C7 C4 F7 3F 02 44 02 80 B0 43 FC AF C7 C4 F3 5F 01 44
								08 00 1C 42 FC AF C7 C4 F4 5F 01 44 02 80 B0 43 00 C0 E7 C3 00 00 2B 43 00 00 F0 C2 00 C0 E7 C3
								00 00 42 43 00 00 F0 C2 00 C0 E7 C3 00 00 42 43 19 00 D8 C2 00 C0 E7 C3 FF F7 38 43 00 00 12 42
								00 C0 E7 C3 00 00 22 43 00 00 12 42 00 80 00 C4 00 00 22 43 00 00 12 42 00 80 00 C4 00 00 2B 43
								00 00 F0 C2 00 80 00 C4 00 00 38 43 00 00 12 42 00 80 00 C4 00 00 41 43 00 00 F0 C2 00 00 2C 44
								00 60 9C 44 00 00 54 44 F4 3F 2D 44 00 00 9D 44 00 00 54 44 0C 40 2D 44 00 00 9D 44 00 00 78 C2
								00 00 2C 44 00 60 9C 44 00 00 78 C2 FD DF 32 44 00 00 9D 44 00 00 44 C2 FD DF 32 44 00 00 9D 44
								00 00 78 C2 02 E0 32 44 00 00 9D 44 00 00 54 44 00 00 37 44 00 10 9B 44 00 00 54 44 00 00 37 44
								00 00 99 44 00 00 54 44 00 00 37 44 00 10 9B 44 00 00 44 C2 FF 1F 35 44 00 00 9C 44 00 00 44 C2
								01 20 35 44 01 00 9C 44 00 00 54 44 FF 5F 34 44 00 30 9C 44 00 00 44 C2 00 60 34 44 01 30 9C 44
								00 00 54 44 00 C0 2B 44 00 80 9C 44 00 00 54 44 00 C0 2B 44 00 00 99 44 00 00 54 44 00 60 37 44
								00 00 99 44 00 00 54 44 00 60 37 44 00 40 9B 44 00 00 54 44 02 00 33 44 00 20 9D 44 00 00 54 44
								F4 FF 2C 44 00 20 9D 44 00 00 54 44 FD FF 32 44 00 20 9D 44 00 00 B0 C2 0C 00 2D 44 00 20 9D 44
								00 00 B0 C2 0C 00 2D 44 00 20 9D 44 00 00 78 C2 FD FF 32 44 00 20 9D 44 00 00 78 C2 00 60 37 44
								00 40 9B 44 00 00 44 C2 F1 02 37 44 00 00 99 44 00 00 44 C2 00 60 37 44 00 00 99 44 00 00 B0 C2
								00 60 37 44 00 40 9B 44 00 00 B0 C2 6B FC 2B 44 00 00 99 44 00 00 78 C2 00 C0 2B 44 00 80 9C 44
								00 00 78 C2 00 60 37 44 00 40 9B 44 00 00 78 C2 00 80 35 44 00 30 9C 44 00 00 78 C2 00 80 35 44
								00 30 9C 44 00 00 44 C2 00 C0 2B 44 00 80 9C 44 00 00 B0 C2 00 C0 2B 44 00 00 99 44 00 00 B0 C2
								00 60 34 44 00 30 9C 44 00 00 78 C2 00 80 35 44 00 30 9C 44 00 00 B0 C2 00 00 2C 44 00 00 99 44
								00 00 54 44 00 00 32 44 00 00 B4 44 00 00 54 44 00 C0 2B 44 00 00 B4 44 00 00 54 44 00 00 2C 44
								00 A0 AB 44 00 00 54 44 00 60 37 44 00 40 B1 44 00 00 54 44 00 60 37 44 00 C0 AC 44 00 00 54 44
								00 00 33 44 00 E0 AA 44 00 00 54 44 00 00 2D 44 00 E0 AA 44 00 00 54 44 C6 BE 32 44 BA 00 AB 44
								DF FF 45 C2 00 00 32 44 00 A0 B3 44 00 00 54 44 00 00 37 44 00 10 B1 44 00 00 54 44 00 00 37 44
								00 10 B1 44 00 00 46 C2 00 00 32 44 00 A0 B3 44 00 00 46 C2 00 00 37 44 00 F0 AC 44 00 00 54 44
								00 00 37 44 00 F0 AC 44 00 00 46 C2 00 C0 32 44 00 00 AB 44 00 00 54 44 00 20 35 44 00 00 AC 44
								00 00 46 C2 00 00 2C 44 00 00 B4 44 00 00 54 44 00 00 2C 44 00 A0 AB 44 00 00 7A C2 00 40 2D 44
								00 00 AB 44 00 00 54 44 00 40 2D 44 00 00 AB 44 00 00 7A C2 00 60 37 44 00 40 B1 44 00 00 B1 C2
								00 00 32 44 00 00 B4 44 00 00 B1 C2 00 00 32 44 00 00 B4 44 00 00 46 C2 00 60 37 44 00 40 B1 44
								00 00 46 C2 00 C0 2B 44 00 00 B4 44 00 00 B1 C2 00 C0 2B 44 00 80 AB 44 00 00 B1 C2 00 C0 2B 44
								00 80 AB 44 00 00 7A C2 16 FF 2B 44 00 00 B4 44 00 00 7A C2 00 60 37 44 00 C0 AC 44 00 00 B1 C2
								00 60 37 44 00 C0 AC 44 00 00 46 C2 00 00 2D 44 00 E0 AA 44 00 00 B1 C2 00 00 33 44 00 E0 AA 44
								00 00 B1 C2 00 C0 32 44 C2 FF AA 44 00 00 7A C2 00 00 2D 44 00 E0 AA 44 00 00 7A C2 00 80 35 44
								00 D0 AB 44 00 00 B1 C2 00 80 35 44 00 D0 AB 44 00 00 7A C2 00 80 35 44 00 D0 AB 44 00 00 46 C2
								00 80 CD 44 00 00 36 44 00 00 60 43 00 80 CD 44 00 00 42 44 00 00 60 43 00 00 A8 44 00 00 42 44
								00 00 60 43 00 00 A8 44 00 00 36 44 00 00 60 43 00 80 CD 44 00 00 42 44 00 00 1C C3 00 80 CD 44
								00 00 36 44 00 00 1C C3 00 00 A8 44 00 00 36 44 00 00 1C C3 00 00 A8 44 00 00 42 44 00 00 1C C3
								00 00 1D C4 00 00 24 C4 00 00 CA 43 00 80 22 C4 00 80 29 C4 00 00 CA 43 00 80 22 C4 00 80 29 C4
								00 00 B0 43 00 00 1D C4 00 00 24 C4 00 00 B0 43 00 00 50 C3 00 00 2C 44 00 00 A8 43 00 00 00 C4
								00 00 2C 44 00 00 A8 43 00 00 00 C4 00 00 26 44 00 00 A8 43 00 00 50 C3 00 00 26 44 00 00 A8 43
								00 00 50 C3 00 00 26 44 00 00 80 C2 00 00 00 C4 00 00 26 44 00 00 80 C2 00 00 00 C4 00 00 2C 44
								00 00 80 C2 00 00 50 C3 00 00 2C 44 00 00 80 C2 00 80 D5 43 10 0D F1 44 00 00 E2 C2 00 FE 06 44
								48 C3 08 45 00 00 E2 C2 80 3D 04 44 00 10 09 45 00 00 E2 C2 00 00 D0 43 56 A6 F1 44 00 00 E2 C2
								00 80 D5 43 20 0D F1 44 00 00 F2 C2 00 00 D0 43 60 A6 F1 44 00 00 F2 C2 CA 3D 04 44 00 10 09 45
								00 00 F2 C2 00 FE 06 44 58 C3 08 45 00 00 F2 C2 00 C0 5D C4 00 00 01 45 00 00 00 00 00 C0 72 C4
								00 00 16 45 00 00 00 00 00 C0 72 C4 00 00 16 45 00 00 50 43 00 C0 5D C4 00 00 01 45 00 00 50 43
								00 00 D8 43 00 00 A4 44 00 00 98 43 00 00 B8 43 00 00 A4 44 00 00 98 43 00 00 B8 43 00 00 74 44
								00 00 98 43 00 00 D8 43 00 00 74 44 00 00 98 43 00 00 D8 43 00 00 74 44 00 00 88 43 00 00 B8 43
								00 00 74 44 00 00 88 43 00 00 B8 43 00 00 A4 44 00 00 88 43 00 00 D8 43 00 00 A4 44 00 00 88 43
								00 80 E7 C3 00 00 90 41 00 00 F0 C2 00 80 E7 C3 00 00 38 42 00 00 F0 C2 00 80 E7 C3 00 00 90 41
								00 00 10 42 00 80 E7 C3 00 00 58 42 00 00 10 42 00 40 00 C4 00 00 38 42 00 00 F0 C2 00 40 00 C4
								00 00 58 42 00 00 10 42 00 40 00 C4 00 00 BC 41 00 00 F0 C2 00 40 00 C4 00 00 FC 41 00 00 10 42
								00 00 04 C4 00 00 30 C2 00 00 48 44 00 00 04 C4 00 00 D0 43 00 00 48 44 00 00 08 C4 00 00 D0 43
								00 00 48 44 00 00 08 C4 00 00 30 C2 00 00 48 44 00 00 04 C4 00 00 D0 43 00 00 34 44 00 00 04 C4
								00 00 30 C2 00 00 34 44 00 00 08 C4 00 00 30 C2 00 00 34 44 00 00 08 C4 00 00 D0 43 00 00 34 44
								00 00 04 C4 00 00 BD 44 00 00 48 44 00 00 48 C4 00 00 BD 44 00 00 48 44 00 00 48 C4 00 00 BC 44
								00 00 48 44 00 00 04 C4 00 00 BC 44 00 00 48 44 00 00 04 C4 00 00 BC 44 00 00 40 44 00 00 48 C4
								00 00 BC 44 00 00 40 44 00 00 48 C4 00 00 BD 44 00 00 40 44 00 00 04 C4 00 00 BD 44 00 00 40 44
								00 00 40 43 00 00 EF 44 00 00 E4 43 00 00 E0 C2 00 00 EF 44 00 00 E4 43 00 00 E0 C2 00 00 CF 44
								00 00 E4 43 00 00 40 43 00 00 CF 44 00 00 E4 43 00 00 40 43 00 00 CF 44 00 00 98 43 00 00 E0 C2
								00 00 CF 44 00 00 98 43 00 00 E0 C2 00 00 EF 44 00 00 98 43 00 00 40 43 00 00 EF 44 00 00 98 43
								00 00 86 C4 00 00 02 C4 00 00 90 43 00 E0 87 C4 00 80 FC C3 00 00 90 43 00 80 8A C4 00 00 FE C3
								00 00 90 43 00 00 86 C4 00 00 0A C4 00 00 90 43 00 80 98 C4 00 00 1B C4 00 00 90 43 00 00 96 C4
								00 00 2A C4 00 00 90 43 00 80 8A C4 00 00 FE C3 00 00 88 43 00 E0 87 C4 00 80 FC C3 00 00 88 43
								00 00 86 C4 00 00 02 C4 00 00 88 43 00 00 86 C4 00 00 0A C4 00 00 88 43 00 00 96 C4 00 00 2A C4
								00 00 88 43 00 80 98 C4 00 00 1B C4 00 00 88 43 00 00 70 C4 00 00 84 C4 00 00 07 44 00 80 6B C4
								00 40 86 C4 00 00 07 44 00 00 56 C4 00 00 77 C4 00 00 07 44 00 00 56 C4 00 00 6E C4 00 00 07 44
								00 00 6D C4 00 80 85 C4 00 00 D0 43 00 00 56 C4 00 00 74 C4 00 00 D0 43 00 00 69 C4 00 00 10 43
								00 00 C0 43 00 00 70 C4 00 00 10 43 00 00 C0 43 00 00 69 C4 00 00 B0 C3 00 00 C0 43 00 00 70 C4
								00 00 B8 C3 00 00 C0 43 00 00 70 C4 00 00 10 43 00 00 B0 43 00 00 69 C4 00 00 10 43 00 00 B0 43
								00 00 69 C4 00 00 B0 C3 00 00 B0 43 00 00 70 C4 00 00 B8 C3 00 00 B0 43 00 00 BD 44 00 00 14 44
								00 00 60 43 00 00 BD 44 00 00 16 44 00 00 60 43 00 00 A0 44 00 00 16 44 00 00 60 43 00 00 A0 44
								00 00 14 44 00 00 60 43 00 00 BD 44 00 00 16 44 00 00 1C C3 00 00 BD 44 00 00 14 44 00 00 1C C3
								00 00 A0 44 00 00 14 44 00 00 1C C3 00 00 A0 44 00 00 16 44 00 00 1C C3 00 C0 8C C4 00 80 98 44
								00 00 60 C2 00 C0 80 C4 00 80 98 44 00 00 60 C2 00 C0 80 C4 00 80 90 44 00 00 60 C2 00 C0 8C C4
								00 80 90 44 00 00 60 C2 00 C0 80 C4 00 80 98 44 00 00 50 42 00 C0 80 C4 00 80 90 44 00 00 50 42
								00 C0 8C C4 00 80 98 44 80 AB BB 42 EC C1 81 C4 00 80 98 44 00 00 18 43 7E 1D 8C C4 00 80 98 44
								00 00 18 43 EE C1 81 C4 00 80 90 44 00 00 18 43 00 C0 8C C4 00 80 90 44 B0 9F BB 42 6F 1D 8C C4
								00 80 90 44 00 00 18 43 00 80 E1 C4 00 00 F4 43 00 00 28 43 00 80 E1 C4 00 00 F4 43 00 00 00 C3
								00 C0 D6 C4 00 00 C9 43 00 00 00 C3 00 C0 D6 C4 00 00 C9 43 00 00 28 43 00 00 D1 C4 00 00 E4 43
								00 00 34 44 00 00 C9 C4 00 00 02 44 00 00 34 44 00 00 D7 C4 00 00 1E 44 00 00 34 44 00 00 E2 C4
								00 00 14 44 00 00 34 44 00 00 E2 C4 00 00 1E 44 00 00 34 44 00 00 D7 C4 00 00 1E 44 00 00 1A 44
								00 00 C9 C4 00 00 02 44 00 00 1A 44 00 00 D1 C4 00 00 E4 43 00 00 1A 44 00 00 E2 C4 00 00 14 44
								00 00 1A 44 00 00 E2 C4 00 00 1E 44 00 00 1A 44 00 00 3C C4 00 00 40 44 00 00 A4 43 00 00 54 C4
								00 00 40 44 00 00 A4 43 00 00 54 C4 00 00 E6 43 00 00 A4 43 00 00 3C C4 00 00 E6 43 00 00 A4 43
								00 00 3C C4 00 00 E6 43 00 00 82 43 00 00 54 C4 00 00 E6 43 00 00 82 43 00 00 54 C4 00 00 40 44
								00 00 82 43 00 00 3C C4 00 00 40 44 00 00 82 43 00 00 44 C4 00 00 BC 44 00 00 48 44 00 00 48 C4
								00 00 80 44 00 00 48 44 00 00 44 C4 00 00 80 44 00 00 48 44 00 00 44 C4 00 00 80 44 00 00 40 44
								00 00 48 C4 00 00 80 44 00 00 40 44 00 00 44 C4 00 00 BC 44 00 00 40 44 00 00 3F 44 00 00 8C C3
								00 00 7C 43 00 00 34 44 00 00 8C C3 00 00 7C 43 00 00 3F 44 00 00 EA C3 00 00 7C 43 00 00 34 44
								00 00 00 C4 00 00 7C 43 00 00 3F 44 00 00 8C C3 00 00 1C C3 00 00 3F 44 00 00 EA C3 00 00 1C C3
								00 00 34 44 00 00 8C C3 00 00 1C C3 00 00 34 44 00 00 00 C4 00 00 1C C3 00 00 62 44 EA FD 0E 45
								00 00 98 42 3D 77 61 44 00 80 0E 45 00 00 98 42 3E 77 61 44 00 80 0E 45 00 00 50 42 00 00 34 44
								00 00 14 45 00 00 98 42 00 00 34 44 00 80 0E 45 00 00 50 42 00 00 34 44 00 80 0E 45 00 00 98 42
								00 00 62 44 00 00 14 45 00 00 98 42 00 A0 DA 43 60 8F F0 44 00 00 D2 C2 00 8E 09 44 88 84 08 45
								00 00 D2 C2 80 CD 06 44 08 D1 08 45 00 00 D2 C2 FA 1E D5 43 64 28 F1 44 00 00 D2 C2 00 1F D5 43
								60 28 F1 44 00 00 E2 C2 36 CD 06 44 FA D0 08 45 00 00 E2 C2 C0 8D 09 44 78 84 08 45 00 00 E2 C2
								00 9F DA 43 70 8F F0 44 00 00 E2 C2 00 00 4F C4 00 00 88 44 00 00 A4 43 00 00 54 C4 00 00 88 44
								00 00 A4 43 00 00 54 C4 00 00 78 44 00 00 A4 43 00 00 4F C4 00 00 78 44 00 00 A4 43 00 00 4F C4
								00 00 78 44 00 00 82 43 00 00 54 C4 00 00 78 44 00 00 82 43 00 00 54 C4 00 00 88 44 00 00 82 43
								00 00 4F C4 00 00 88 44 00 00 82 43 00 C0 4A 44 00 40 06 45 00 00 10 43 00 C0 4A 44 00 40 06 45
								00 00 20 C2 6C 84 4F 44 E4 9E 07 45 00 00 20 C2 6C 84 4F 44 E4 9E 07 45 00 00 10 43 00 00 34 44
								00 40 06 45 00 00 20 C2 00 00 34 44 00 40 06 45 00 00 10 43 00 00 34 44 00 00 0C 45 00 00 10 43
								00 00 3E 44 00 00 0C 45 00 00 20 C2 00 00 3E 44 00 00 0C 45 00 00 10 43 00 00 C2 44 00 00 AA 44
								00 00 60 43 00 00 A2 44 00 00 AA 44 00 00 60 43 00 00 A2 44 00 00 94 44 00 00 60 43 00 00 C2 44
								00 00 94 44 00 00 60 43 00 00 C2 44 00 00 94 44 00 00 60 C3 00 00 A2 44 00 00 94 44 00 00 60 C3
								00 00 A2 44 00 00 AA 44 00 00 60 C3 00 00 C2 44 00 00 AA 44 00 00 60 C3 04 4C D5 43 00 00 96 44
								00 00 10 43 00 00 C6 43 00 00 96 44 00 00 10 43 00 00 C6 43 00 00 88 44 00 00 10 43 04 4C D5 43
								00 00 88 44 00 00 10 43 04 4C D5 43 00 00 88 44 00 00 00 C2 00 00 C6 43 00 00 88 44 00 00 00 C2
								00 00 C6 43 00 00 96 44 00 00 00 C2 04 4C D5 43 00 00 96 44 00 00 00 C2 00 80 45 C4 00 80 06 C4
								00 00 C0 43 00 40 3C C4 00 C0 04 C4 00 00 C0 43 00 40 3C C4 00 C0 04 C4 00 00 B0 43 00 80 45 C4
								00 80 06 C4 00 00 B0 43 00 00 00 43 00 00 0A 45 00 00 E4 43 00 00 E0 42 00 00 0A 45 00 00 E4 43
								00 00 E0 42 00 00 EF 44 00 00 E4 43 00 00 00 43 00 00 EF 44 00 00 E4 43 00 00 00 43 00 00 EF 44
								00 00 98 43 00 00 E0 42 00 00 EF 44 00 00 98 43 00 00 E0 42 00 00 0A 45 00 00 98 43 00 00 00 43
								00 00 0A 45 00 00 98 43 00 00 AA 44 00 00 8C 44 00 00 60 43 00 00 AA 44 00 00 6C 44 00 00 60 43
								00 00 B2 44 00 00 6C 44 00 00 60 43 00 00 B2 44 00 00 8C 44 00 00 60 43 00 00 AA 44 00 00 6C 44
								00 00 14 C3 00 00 AA 44 00 00 8C 44 00 00 14 C3 00 00 B2 44 00 00 8C 44 00 00 14 C3 00 00 B2 44
								00 00 6C 44 00 00 14 C3 00 80 40 C4 00 40 86 C4 00 00 07 44 00 00 3C C4 00 00 84 C4 00 00 07 44
								00 00 3F C4 00 80 85 C4 00 00 D0 43 00 00 BC C4 00 00 84 C3 00 00 A0 43 00 00 BE C4 00 00 84 C3
								00 00 A0 43 00 00 BE C4 00 00 D6 C3 00 00 A0 43 00 00 BC C4 00 00 D6 C3 00 00 A0 43 00 00 BC C4
								00 00 D6 C3 00 00 00 C2 00 00 BE C4 00 00 D6 C3 00 00 00 C2 00 00 BE C4 00 00 84 C3 00 00 00 C2
								00 00 BC C4 00 00 84 C3 00 00 00 C2 00 00 F0 44 00 00 88 C4 00 00 A2 43 00 00 F0 44 00 00 80 C4
								00 00 A2 43 00 00 80 44 00 00 80 C4 00 00 A2 43 00 00 80 44 00 00 88 C4 00 00 A2 43 00 00 F0 44
								00 00 80 C4 00 00 1C C3 00 00 F0 44 00 00 88 C4 00 00 1C C3 00 00 80 44 00 00 88 C4 00 00 1C C3
								00 00 80 44 00 00 80 C4 00 00 1C C3 00 00 00 00 00 00 50 43 00 00 08 43 00 00 A0 C0 00 00 50 43
								00 00 08 43 00 00 A0 C0 00 00 88 42 00 00 08 43 00 00 00 00 00 00 88 42 00 00 08 43 00 00 00 00
								00 00 88 42 00 00 00 00 00 00 A0 C0 00 00 88 42 00 00 00 00 00 00 A0 C0 00 00 50 43 00 00 00 00
								00 00 00 00 00 00 50 43 00 00 00 00 04 4C D5 43 00 00 AA 44 00 00 A4 43 00 00 B5 43 00 00 AA 44
								00 00 A4 43 00 00 B5 43 00 80 72 44 00 00 A4 43 04 4C D5 43 00 80 72 44 00 00 A4 43 00 00 B5 43
								00 00 AA 44 00 00 70 43 00 00 B5 43 00 80 72 44 00 00 70 43 08 4C D5 43 00 80 72 44 00 00 70 43
								08 4C D5 43 00 00 AA 44 00 00 70 43 00 00 D8 44 00 00 21 44 00 00 A0 43 00 80 F4 44 00 00 5A 44
								00 00 A0 43 00 80 C7 44 00 00 42 44 00 00 18 C3 00 00 E4 44 00 00 7B 44 00 00 18 C3 00 80 F4 44
								00 00 5A 44 00 00 18 C3 00 00 D8 44 00 00 21 44 00 00 18 C3 00 40 37 44 00 40 01 45 00 00 20 C2
								00 C0 4A 44 00 40 06 45 00 00 20 43 00 40 37 44 00 40 01 45 00 00 20 43 00 00 34 44 00 40 01 45
								00 00 20 C2 00 00 34 44 00 40 01 45 00 00 20 43 00 00 34 44 00 40 06 45 00 00 20 43 00 C0 80 C4
								00 40 85 44 00 00 60 C2 58 74 8C C4 58 34 86 44 00 00 60 C2 00 C0 8C C4 00 80 86 44 00 00 60 C2
								B5 BF 80 C4 33 40 85 44 4C 1D 4F 42 78 74 8C C4 78 34 86 44 B4 BD F1 42 81 18 8C C4 F7 2C 86 44
								6D C9 19 43 00 40 83 C4 00 80 90 44 00 00 96 43 00 80 8A C4 00 80 90 44 00 00 96 43 00 80 8A C4
								F6 8E 87 44 00 00 96 43 00 40 83 C4 08 95 87 44 00 00 96 43 00 C0 8C C4 00 80 86 44 F2 AB BB 42
								00 00 50 C3 00 00 00 C4 00 00 A0 42 00 00 50 C3 00 00 E8 C3 00 00 A0 42 00 00 9C C3 00 00 00 C4
								00 00 A0 42 00 00 C0 C3 00 00 E0 C3 00 00 A0 42 00 00 50 C3 00 00 00 C4 00 00 00 00 00 00 50 C3
								00 00 E8 C3 00 00 00 00 00 00 B4 43 00 C0 DE C4 00 80 AF 43 00 00 88 43 00 C0 DE C4 00 80 AF 43
								00 00 88 43 00 C0 E9 C4 00 80 AF 43 00 00 B4 43 00 C0 E9 C4 00 80 AF 43 00 00 BC 43 00 C0 EB C4
								00 00 EE 42 00 00 80 43 00 C0 EB C4 00 00 EE 42 00 00 80 43 00 C0 DC C4 00 00 EE 42 00 00 BC 43
								00 C0 DC C4 00 00 EE 42 00 00 04 C4 00 00 60 C2 00 00 48 44 00 00 48 C4 00 00 60 C2 00 00 48 44
								00 00 48 C4 00 00 80 C2 00 00 48 44 00 00 04 C4 00 00 80 C2 00 00 48 44 00 00 04 C4 00 00 80 C2
								00 00 40 44 00 00 48 C4 00 00 80 C2 00 00 40 44 00 00 48 C4 00 00 60 C2 00 00 40 44 00 00 04 C4
								00 00 60 C2 00 00 40 44 00 00 C8 43 00 00 2E 44 00 00 E0 43 00 00 A0 42 00 00 2E 44 00 00 E0 43
								00 00 A0 42 00 00 26 44 00 00 E0 43 00 00 C8 43 00 00 26 44 00 00 E0 43 00 00 C8 43 00 00 26 44
								00 00 3C 43 00 00 A0 42 00 00 26 44 00 00 3C 43 00 00 A0 42 00 00 2E 44 00 00 3C 43 00 00 C8 43
								00 00 2E 44 00 00 3C 43 00 00 04 C4 00 00 D8 43 00 00 48 44 00 00 48 C4 00 00 D8 43 00 00 48 44
								00 00 48 C4 00 00 D4 43 00 00 48 44 00 00 04 C4 00 00 D4 43 00 00 48 44 00 00 04 C4 00 00 D4 43
								00 00 40 44 00 00 48 C4 00 00 D4 43 00 00 40 44 00 00 48 C4 00 00 D8 43 00 00 40 44 00 00 04 C4
								00 00 D8 43 00 00 40 44 00 00 60 C3 00 00 CC 43 00 00 B8 43 00 00 9C C3 00 00 CC 43 00 00 B8 43
								00 00 9C C3 00 00 A0 43 00 00 B8 43 00 00 60 C3 00 00 A0 43 00 00 B8 43 00 00 50 C3 00 00 98 43
								00 00 08 43 00 00 A4 C3 00 00 98 43 00 00 08 43 00 00 A4 C3 00 00 D4 43 00 00 08 43 00 00 50 C3
								00 00 D4 43 00 00 08 43 00 00 4A C4 00 00 AF 44 00 00 18 44 00 00 82 C4 00 00 AF 44 00 00 18 44
								00 00 82 C4 00 00 92 44 00 00 18 44 00 00 4A C4 00 00 92 44 00 00 18 44 00 00 4A C4 00 00 92 44
								00 00 B0 43 00 00 82 C4 00 00 92 44 00 00 B0 43 00 00 82 C4 00 00 AF 44 00 00 B0 43 00 00 4A C4
								00 00 AF 44 00 00 B0 43 00 00 E0 43 00 00 60 C4 00 00 90 43 00 00 40 43 00 00 60 C4 00 00 90 43
								00 00 40 43 00 00 98 C4 00 00 90 43 00 00 E0 43 00 00 98 C4 00 00 90 43 00 00 E0 43 00 00 98 C4
								00 00 80 C1 00 00 40 43 00 00 98 C4 00 00 80 C1 00 00 40 43 00 00 60 C4 00 00 80 C1 00 00 E0 43
								00 00 60 C4 00 00 80 C1 00 80 95 C4 00 00 25 C4 00 00 90 43 00 00 BC C4 00 00 B0 C3 00 00 90 43
								00 80 BD C4 00 00 B6 C3 00 00 90 43 00 00 97 C4 00 00 28 C4 00 00 90 43 00 00 97 C4 00 00 28 C4
								00 00 00 C2 00 80 BD C4 00 00 B6 C3 00 00 00 C2 00 00 BC C4 00 00 B0 C3 00 00 00 C2 00 80 95 C4
								00 00 25 C4 00 00 00 C2 00 00 04 45 00 00 BC 44 00 00 B8 43 00 00 F8 44 00 00 BC 44 00 00 B8 43
								00 00 F8 44 00 00 AA 44 00 00 B8 43 00 00 04 45 00 00 AA 44 00 00 B8 43 00 00 04 45 00 00 AA 44
								00 00 94 43 00 00 F8 44 00 00 AA 44 00 00 94 43 00 00 F8 44 00 00 BC 44 00 00 94 43 00 00 04 45
								00 00 BC 44 00 00 94 43 00 00 2C 44 00 00 19 45 00 00 B8 43 00 00 40 43 00 00 19 45 00 00 B8 43
								00 00 40 43 00 00 00 45 00 00 B8 43 00 00 2C 44 00 00 00 45 00 00 B8 43 00 00 2C 44 00 00 00 45
								00 00 20 43 00 00 40 43 00 00 00 45 00 00 20 43 00 00 40 43 00 00 19 45 00 00 20 43 00 00 2C 44
								00 00 19 45 00 00 20 43 C0 41 01 44 10 39 EC 44 00 00 44 C2 00 80 1D 44 70 59 06 45 00 00 44 C2
								80 84 1A 44 50 AC 06 45 00 00 44 C2 EB 8D FC 43 18 DF EC 44 00 00 44 C2 00 80 1D 44 70 59 06 45
								00 00 64 C2 00 42 01 44 F0 38 EC 44 00 00 64 C2 80 8D FC 43 10 DF EC 44 00 00 64 C2 AE 84 1A 44
								53 AC 06 45 00 00 64 C2 00 80 B4 C4 00 00 C6 C3 00 00 90 43 00 80 AF C4 00 00 DA C3 00 00 90 43
								00 40 AB C4 00 00 C9 C3 00 00 90 43 00 80 AD C4 00 00 AA C3 00 00 90 43 00 C0 AB C4 24 07 BB C3
								00 00 90 43 AE 7F AC C4 48 01 AE C3 00 00 90 43 00 80 AF C4 00 00 DA C3 00 00 88 43 00 80 B4 C4
								00 00 C6 C3 00 00 88 43 00 00 AE C4 00 00 AC C3 00 00 88 43 00 C0 AB C4 00 00 CB C3 00 00 88 43
								00 00 AD C4 00 00 B0 C3 00 00 88 43 44 3F AC C4 53 14 BD C3 00 00 88 43 00 00 60 C3 00 00 50 42
								00 00 B8 43 00 00 9C C3 00 00 50 42 00 00 B8 43 00 00 9C C3 00 00 10 C2 00 00 B8 43 00 00 60 C3
								00 00 10 C2 00 00 B8 43 00 00 50 C3 00 00 50 C2 00 00 08 43 00 00 A4 C3 00 00 50 C2 00 00 08 43
								00 00 A4 C3 00 00 88 42 00 00 08 43 00 00 50 C3 00 00 88 42 00 00 08 43 E2 96 EB 43 2B B7 EE 44
								00 00 92 C2 80 8C F1 43 70 11 EE 44 00 00 92 C2 00 04 15 44 70 45 07 45 00 00 92 C2 00 09 12 44
								78 98 07 45 00 00 92 C2 80 96 EB 43 10 B7 EE 44 00 00 A2 C2 28 09 12 44 84 98 07 45 00 00 A2 C2
								40 04 15 44 78 45 07 45 00 00 A2 C2 00 8D F1 43 30 11 EE 44 00 00 A2 C2 00 00 34 44 00 00 98 43
								00 00 3F 43 00 00 34 44 00 00 FC 43 00 00 3F 43 00 00 C0 43 00 00 FC 43 00 00 3F 43 00 00 C0 43
								00 00 98 43 00 00 3F 43 00 00 34 44 00 00 FC 43 00 00 1C C3 00 00 34 44 00 00 98 43 00 00 1C C3
								00 00 C0 43 00 00 98 43 00 00 1C C3 00 00 C0 43 00 00 FC 43 00 00 1C C3 C0 C4 17 44 00 F9 06 45
								00 00 64 C2 3F 0D F7 43 0A 78 ED 44 00 00 64 C2 00 0D F7 43 10 78 ED 44 00 00 82 C2 6B C4 17 44
								F6 F8 06 45 00 00 82 C2 C0 84 1A 44 50 AC 06 45 00 00 82 C2 00 8E FC 43 10 DF EC 44 00 00 82 C2
								00 00 B8 44 00 00 6A 44 00 00 60 43 00 00 B8 44 00 00 8C 44 00 00 60 43 00 00 B2 44 00 00 6A 44
								00 00 60 43 00 00 B8 44 00 00 8C 44 00 00 E0 42 00 00 B8 44 00 00 6A 44 00 00 E0 42 00 00 B2 44
								00 00 6A 44 00 00 E0 42 00 00 B2 44 00 00 8C 44 00 00 E0 42 00 00 40 43 00 00 1A 45 00 00 E4 43
								00 00 E0 C2 00 00 1A 45 00 00 E4 43 00 00 E0 C2 00 00 0A 45 00 00 E4 43 00 00 40 43 00 00 0A 45
								00 00 E4 43 00 00 40 43 00 00 0A 45 00 00 98 43 00 00 E0 C2 00 00 0A 45 00 00 98 43 00 00 E0 C2
								00 00 1A 45 00 00 98 43 00 00 40 43 00 00 1A 45 00 00 98 43 00 00 A0 44 00 00 8C 44 00 00 60 43
								00 00 A0 44 00 00 6A 44 00 00 60 43 00 00 AA 44 00 00 6A 44 00 00 60 43 00 00 A0 44 00 00 6A 44
								00 00 90 41 00 00 A0 44 00 00 8C 44 00 00 90 41 00 00 AA 44 00 00 8C 44 00 00 90 41 00 00 AA 44
								00 00 6A 44 00 00 90 41 40 84 4F 44 F0 9E 07 45 00 00 50 42 00 00 3E 44 00 00 0C 45 00 00 50 42
								00 00 A4 44 00 00 90 44 00 00 C4 43 00 00 20 44 00 00 90 44 00 00 C4 43 00 00 20 44 00 00 84 44
								00 00 C4 43 00 00 A4 44 00 00 84 44 00 00 C4 43 00 00 A4 44 00 00 84 44 00 00 94 43 00 00 20 44
								00 00 84 44 00 00 94 43 00 00 20 44 00 00 90 44 00 00 94 43 00 00 A4 44 00 00 90 44 00 00 94 43
								00 00 60 44 00 00 4D 45 00 00 D8 43 00 00 49 44 00 C0 3B 45 00 00 D8 43 00 00 87 44 00 00 36 45
								00 00 D8 43 00 80 92 44 00 40 47 45 00 00 D8 43 00 00 60 44 00 00 4D 45 00 00 C0 43 00 00 49 44
								00 C0 3B 45 00 00 C0 43 00 00 87 44 00 00 36 45 00 00 C0 43 00 80 92 44 00 40 47 45 00 00 C0 43
								00 40 55 C4 00 00 72 44 00 00 0C 42 00 40 55 C4 00 80 F0 43 00 00 0C 42 00 00 33 C4 00 80 F0 43
								00 00 0C 42 00 00 33 C4 00 00 72 44 00 00 0C 42 00 40 55 C4 00 80 F0 43 00 00 00 00 00 40 55 C4
								00 00 72 44 00 00 00 00 00 00 33 C4 00 00 72 44 00 00 00 00 00 00 33 C4 00 80 F0 43 00 00 00 00
								00 00 3C C4 00 00 78 44 00 00 A4 43 00 00 54 C4 00 00 66 44 00 00 A4 43 00 00 3C C4 00 00 66 44
								00 00 A4 43 00 00 3C C4 00 00 66 44 00 00 82 43 00 00 54 C4 00 00 66 44 00 00 82 43 00 00 3C C4
								00 00 78 44 00 00 82 43 00 00 48 C4 00 00 48 43 00 00 34 44 00 80 A0 C4 00 00 48 43 00 00 34 44
								00 00 48 C4 00 00 F0 42 00 00 34 44 00 80 A6 C4 00 00 F0 42 00 00 34 44 00 00 48 C4 00 00 F0 42
								00 00 1A 44 00 80 A6 C4 00 00 F0 42 00 00 1A 44 00 80 A0 C4 00 00 48 43 00 00 1A 44 00 00 48 C4
								00 00 48 43 00 00 1A 44 00 00 E8 C4 00 00 80 C3 00 00 C0 43 00 80 EB C4 00 00 80 C3 00 00 C0 43
								00 80 EB C4 00 00 2B C4 00 00 C0 43 00 00 E8 C4 00 00 2B C4 00 00 C0 43 00 00 E8 C4 00 00 2B C4
								00 00 26 C3 00 80 EB C4 00 00 2B C4 00 00 26 C3 00 80 EB C4 00 00 80 C3 00 00 26 C3 00 00 E8 C4
								00 00 80 C3 00 00 26 C3 00 00 B0 44 00 00 AA 44 00 00 C4 43 00 00 A4 44 00 00 AA 44 00 00 C4 43
								00 00 B0 44 00 00 84 44 00 00 C4 43 00 00 B0 44 00 00 84 44 00 00 94 43 00 00 A4 44 00 00 AA 44
								00 00 94 43 00 00 B0 44 00 00 AA 44 00 00 94 43 00 00 E4 44 00 00 A8 44 00 00 80 42 00 00 E4 44
								00 00 78 44 00 00 80 42 00 00 E6 44 00 00 78 44 00 00 80 42 00 00 E6 44 00 00 A8 44 00 00 80 42
								00 00 E4 44 00 00 78 44 00 00 14 C3 00 00 E4 44 00 00 A8 44 00 00 14 C3 00 00 E6 44 00 00 A8 44
								00 00 14 C3 00 00 E6 44 00 00 78 44 00 00 14 C3 00 E0 9B 44 00 40 44 44 00 00 60 43 00 E0 9B 44
								00 40 44 44 00 00 1C C3 00 E0 9B 44 00 C0 27 44 00 00 1C C3 00 E0 9B 44 00 C0 27 44 00 00 60 43
								00 00 A0 44 00 40 44 44 00 00 60 43 00 00 A0 44 00 40 44 44 00 00 1C C3 00 00 A0 44 00 C0 27 44
								00 00 1C C3 00 00 A0 44 00 C0 27 44 00 00 60 43 00 00 B8 C3 00 00 4A C4 00 00 8A 43 00 00 0A C4
								00 00 A9 C4 00 00 8A 43 00 00 B8 C3 00 00 A9 C4 00 00 8A 43 00 00 B8 C3 00 00 A9 C4 00 00 80 C1
								00 00 0A C4 00 00 A9 C4 00 00 80 C1 00 00 B8 C3 00 00 4A C4 00 00 80 C1 00 00 B1 C4 00 00 80 C3
								00 00 B0 43 00 00 BE C4 00 00 80 C3 00 00 B0 43 00 00 BE C4 00 00 84 C3 00 00 B0 43 00 00 B1 C4
								00 00 84 C3 00 00 B0 43 00 00 B1 C4 00 00 84 C3 00 00 A0 43 00 00 BE C4 00 00 80 C3 00 00 A0 43
								00 00 B1 C4 00 00 80 C3 00 00 A0 43 00 00 08 44 00 80 AF 44 00 00 B0 C2 00 00 08 44 00 80 98 44
								00 00 B0 C2 00 00 34 44 00 80 98 44 00 00 B0 C2 00 00 34 44 00 80 AF 44 00 00 B0 C2 00 00 08 44
								00 80 98 44 00 00 E0 C2 00 00 08 44 00 80 AF 44 00 00 E0 C2 00 00 34 44 00 80 AF 44 00 00 E0 C2
								00 00 34 44 00 80 98 44 00 00 E0 C2 00 00 38 44 00 80 98 44 00 00 B0 C2 00 C0 80 44 00 40 BD 44
								00 00 B0 C2 00 00 61 44 00 80 CD 44 00 00 B0 C2 00 00 34 44 00 80 CD 44 00 00 B0 C2 00 00 61 44
								00 80 CD 44 00 00 E0 C2 00 C0 80 44 00 40 BD 44 00 00 E0 C2 00 00 38 44 00 80 98 44 00 00 E0 C2
								00 00 34 44 00 80 CD 44 00 00 E0 C2 00 00 4F 44 00 00 CA C3 00 00 7C 43 00 00 4F 44 00 00 AC C3
								00 00 7C 43 00 00 4F 44 00 00 AC C3 00 00 1C C3 00 00 4F 44 00 00 CA C3 00 00 1C C3 00 80 32 44
								00 F0 01 45 00 00 54 44 00 00 2B 44 00 F0 01 45 00 00 54 44 00 00 2B 44 00 C0 FB 44 00 00 54 44
								00 80 37 44 00 B0 00 45 00 00 54 44 00 80 37 44 00 C0 FC 44 00 00 54 44 00 00 33 44 00 80 FA 44
								00 00 54 44 00 80 2D 44 00 80 FA 44 00 00 54 44 00 00 2B 44 00 C0 FB 44 00 00 40 C3 00 00 2B 44
								00 F0 01 45 00 00 40 C3 00 80 32 44 00 F0 01 45 00 00 40 C3 00 80 37 44 00 B0 00 45 00 00 40 C3
								00 80 37 44 00 C0 FC 44 00 00 40 C3 00 00 33 44 00 80 FA 44 00 00 40 C3 00 80 2D 44 00 80 FA 44
								00 00 40 C3 00 00 4E 44 00 00 C4 44 00 00 B4 43 00 00 4E 44 00 00 C3 44 00 00 B4 43 00 00 C5 44
								00 00 C3 44 00 00 B4 43 00 00 4E 44 00 00 C3 44 00 00 94 43 00 00 4E 44 00 00 C4 44 00 00 94 43
								00 00 C5 44 00 00 C3 44 00 00 94 43 00 C0 4D 44 00 20 D4 C4 B0 F2 87 43 00 80 61 44 00 00 DE C4
								B0 F2 87 43 00 C0 6C 44 00 60 D8 C4 B0 F2 87 43 00 00 59 44 00 80 CE C4 B0 F2 87 43 00 80 61 44
								00 00 DE C4 00 00 04 43 00 C0 4D 44 00 20 D4 C4 00 00 04 43 00 00 59 44 00 80 CE C4 00 00 04 43
								00 C0 6C 44 00 60 D8 C4 00 00 04 43 00 40 A3 C4 00 40 4F 44 00 00 4C 42 00 00 C2 C4 00 40 4F 44
								00 00 4C 42 00 00 C2 C4 00 80 4E 44 00 00 4C 42 00 40 A3 C4 00 80 4E 44 00 00 4C 42 00 40 A3 C4
								00 80 4E 44 00 00 14 42 00 00 C2 C4 00 80 4E 44 00 00 14 42 00 00 C2 C4 00 40 4F 44 00 00 14 42
								00 40 A3 C4 00 40 4F 44 00 00 14 42 00 00 A0 42 00 00 CE 44 00 00 98 43 00 00 00 42 00 00 AD 44
								00 00 98 43 00 00 A0 42 00 00 AD 44 00 00 98 43 00 00 A0 42 00 00 AD 44 00 00 88 43 00 00 00 42
								00 00 AD 44 00 00 88 43 00 00 A0 42 00 00 CE 44 00 00 88 43 00 00 00 44 00 00 76 C4 00 00 90 43
								00 00 E0 43 00 00 76 C4 00 00 90 43 00 00 E0 43 00 00 89 C4 00 00 90 43 00 00 00 44 00 00 89 C4
								00 00 90 43 00 00 00 44 00 00 89 C4 00 00 14 43 00 00 E0 43 00 00 89 C4 00 00 14 43 00 00 E0 43
								00 00 76 C4 00 00 14 43 00 00 00 44 00 00 76 C4 00 00 14 43 7E 8C F1 43 40 11 EE 44 00 00 82 C2
								40 04 15 44 70 45 07 45 00 00 82 C2 C0 C4 17 44 F0 F8 06 45 00 00 92 C2 00 0D F7 43 10 78 ED 44
								00 00 92 C2 00 80 87 C4 00 00 45 C4 00 00 AC 43 00 80 96 C4 00 00 27 C4 00 00 AC 43 00 00 C0 C4
								00 00 7A C4 00 00 AC 43 00 00 B1 C4 00 00 8C C4 00 00 AC 43 00 00 B1 C4 00 00 8C C4 00 00 00 C2
								00 00 C0 C4 00 00 7A C4 00 00 00 C2 00 80 96 C4 00 00 27 C4 00 00 00 C2 00 80 87 C4 00 00 45 C4
								00 00 00 C2 00 00 BD 44 00 00 16 44 00 00 48 43 00 00 BD 44 00 00 C0 43 00 00 1C C3 00 00 BD 44
								00 00 C0 43 00 00 48 43 00 00 AA 44 00 00 36 44 00 00 60 43 00 00 A0 44 00 00 36 44 00 00 60 43
								00 00 AA 44 00 00 6A 44 00 00 38 42 00 00 AA 44 00 00 36 44 00 00 38 42 00 00 A0 44 00 00 36 44
								00 00 38 42 00 00 A0 44 00 00 6A 44 00 00 38 42 00 00 A8 42 00 80 74 44 00 00 34 44 00 00 48 C3
								00 80 74 44 00 00 34 44 00 00 48 C3 00 00 23 44 00 00 34 44 00 00 A8 42 00 00 23 44 00 00 34 44
								00 00 A8 42 00 00 23 44 00 00 33 44 00 00 48 C3 00 00 23 44 00 00 33 44 00 00 48 C3 00 80 74 44
								00 00 33 44 00 00 A8 42 00 80 74 44 00 00 33 44 00 00 8B 44 00 80 98 44 00 00 B0 C2 00 00 8B 44
								00 80 A4 44 00 00 B0 C2 00 00 73 44 00 00 B6 44 00 00 B0 C2 00 00 8B 44 00 80 98 44 00 00 E0 C2
								00 00 73 44 00 00 B6 44 00 00 E0 C2 00 00 8B 44 00 80 A4 44 00 00 E0 C2 80 88 0C 44 A0 31 08 45
								00 00 C2 C2 C0 8D 09 44 80 84 08 45 00 00 C2 C2 6E 9F DA 43 66 8F F0 44 00 00 C2 C2 80 95 E0 43
								50 E9 EF 44 00 00 C2 C2 80 88 0C 44 98 31 08 45 00 00 D2 C2 00 95 E0 43 60 E9 EF 44 00 00 D2 C2
								00 A0 81 C4 00 40 76 44 00 00 21 43 00 A0 81 C4 00 40 76 44 00 00 60 C2 00 C0 78 C4 00 60 80 44
								00 00 60 C2 00 C0 78 C4 00 60 80 44 00 00 21 43 00 00 8C C4 00 80 85 44 00 00 21 43 00 00 8C C4
								00 80 85 44 00 00 60 C2 00 00 C4 44 00 00 E7 44 00 00 B4 43 00 80 87 44 00 00 E7 44 00 00 A4 43
								00 80 87 44 00 00 D7 44 00 00 A4 43 00 00 C4 44 00 00 D7 44 00 00 B4 43 00 80 87 44 00 00 D7 44
								00 00 84 43 00 80 87 44 00 00 E7 44 00 00 84 43 00 00 C4 44 00 00 E7 44 00 00 94 43 00 00 C4 44
								00 00 D7 44 00 00 94 43 00 80 CD 43 00 00 AA 44 00 00 34 43 00 80 CD 43 00 00 88 44 00 00 34 43
								00 80 CD 43 00 00 88 44 00 00 70 43 00 80 CD 43 00 00 AA 44 00 00 70 43 08 4C D5 43 00 00 88 44
								00 00 34 43 08 4C D5 43 00 00 AA 44 00 00 34 43 08 4C D5 43 00 00 88 44 00 00 70 43 00 00 80 42
								00 80 06 C5 00 00 DC 43 00 00 48 C3 00 80 06 C5 00 00 DC 43 00 00 48 C3 00 00 14 C5 00 00 DC 43
								00 00 80 42 00 00 14 C5 00 00 DC 43 00 00 80 42 00 00 14 C5 00 00 18 C3 00 00 48 C3 00 00 14 C5
								00 00 18 C3 00 00 48 C3 00 80 06 C5 00 00 18 C3 00 00 80 42 00 80 06 C5 00 00 18 C3 00 00 40 43
								00 00 48 C4 00 00 B4 43 00 00 00 41 00 00 48 C4 00 00 B4 43 00 00 00 41 00 00 70 C4 00 00 B4 43
								00 00 40 43 00 00 70 C4 00 00 B4 43 00 00 40 43 00 00 70 C4 00 00 80 C1 00 00 00 41 00 00 70 C4
								00 00 80 C1 00 00 00 41 00 00 48 C4 00 00 80 C1 00 00 40 43 00 00 48 C4 00 00 80 C1 00 00 44 C4
								00 00 D4 43 00 00 48 44 00 00 44 C4 00 00 60 C2 00 00 48 44 00 00 44 C4 00 00 60 C2 00 00 40 44
								00 00 44 C4 00 00 D4 43 00 00 40 44 00 00 B0 42 00 00 CC 43 00 00 B8 43 00 00 00 00 00 00 CC 43
								00 00 B8 43 00 00 00 00 00 00 A0 43 00 00 B8 43 00 00 B0 42 00 00 A0 43 00 00 B8 43 00 00 D0 42
								00 00 98 43 00 00 08 43 00 00 80 C1 00 00 98 43 00 00 08 43 00 00 80 C1 00 00 D4 43 00 00 08 43
								00 00 D0 42 00 00 D4 43 00 00 08 43 00 00 FC C3 00 00 7A 44 00 00 D0 43 00 00 08 C4 00 00 7A 44
								00 00 D0 43 00 00 08 C4 00 00 E8 43 00 00 D0 43 00 00 FC C3 00 00 E8 43 00 00 D0 43 00 00 FC C3
								00 00 E8 43 00 00 80 C2 00 00 08 C4 00 00 E8 43 00 00 80 C2 00 00 08 C4 00 00 7A 44 00 00 80 C2
								00 00 FC C3 00 00 7A 44 00 00 80 C2 00 00 2B 44 00 40 E8 44 00 00 54 44 00 00 2B 44 00 00 E1 44
								00 00 54 44 00 00 34 44 00 00 E1 44 00 00 54 44 00 80 37 44 00 40 E7 44 00 00 54 44 00 00 33 44
								00 80 E9 44 00 00 54 44 00 80 2D 44 00 80 E9 44 00 00 54 44 00 80 37 44 00 A0 E2 44 00 00 54 44
								00 00 34 44 00 00 E1 44 00 00 40 C3 00 00 2B 44 00 00 E1 44 00 00 40 C3 00 00 2B 44 00 40 E8 44
								00 00 40 C3 00 80 2D 44 00 80 E9 44 00 00 40 C3 00 00 33 44 00 80 E9 44 00 00 40 C3 00 80 37 44
								00 40 E7 44 00 00 40 C3 00 80 37 44 00 A0 E2 44 00 00 40 C3 00 00 5B C3 00 00 98 43 00 00 08 43
								00 00 60 C3 00 00 98 43 00 00 08 43 00 00 60 C3 00 00 88 42 00 00 08 43 00 00 5B C3 00 00 88 42
								00 00 08 43 00 00 5B C3 00 00 88 42 00 00 00 00 00 00 60 C3 00 00 88 42 00 00 00 00 00 00 60 C3
								00 00 98 43 00 00 00 00 00 00 5B C3 00 00 98 43 00 00 00 00 00 00 34 44 00 00 FC 44 00 00 54 44
								00 00 2C 44 00 00 FC 44 00 00 54 44 00 00 2C 44 00 00 E8 44 00 00 54 44 00 00 34 44 00 00 E8 44
								00 00 54 44 00 00 33 44 00 00 FC 44 00 00 BE 42 00 00 33 44 00 00 E8 44 00 00 BE 42 00 00 2D 44
								00 00 E8 44 00 00 BE 42 00 00 2D 44 00 00 FC 44 00 00 BE 42 00 00 2C 44 00 00 FC 44 00 00 C6 42
								00 00 2C 44 00 00 E8 44 00 00 C6 42 00 00 34 44 00 00 E8 44 00 00 C6 42 00 00 34 44 00 00 FC 44
								00 00 C6 42 00 20 A5 C4 00 00 50 44 00 00 82 43 00 00 C2 C4 00 00 50 44 00 00 82 43 00 00 C2 C4
								00 40 4F 44 00 00 82 43 00 20 A5 C4 00 40 4F 44 00 00 82 43 00 C0 A3 C4 00 40 4F 44 00 00 14 42
								00 00 C2 C4 00 00 50 44 00 00 14 42 00 C0 A3 C4 00 00 50 44 00 00 14 42 00 00 79 44 00 C0 37 45
								00 00 98 43 00 40 4A 44 00 B0 3B 45 00 00 98 43 00 00 50 44 00 00 19 45 00 00 98 43 00 00 1C 44
								00 00 19 45 00 00 98 43 00 00 79 44 00 C0 37 45 00 00 84 43 00 00 50 44 00 00 19 45 00 00 84 43
								00 40 4A 44 00 B0 3B 45 00 00 84 43 00 00 1C 44 00 00 19 45 00 00 84 43 00 00 54 C4 00 00 98 44
								00 00 0C 42 00 80 81 C4 00 00 98 44 00 00 0C 42 00 80 81 C4 00 00 7E 44 00 00 0C 42 00 00 54 C4
								00 00 7E 44 00 00 0C 42 00 00 54 C4 00 00 7E 44 00 00 00 00 00 80 81 C4 00 00 7E 44 00 00 00 00
								00 80 81 C4 00 00 98 44 00 00 00 00 00 00 54 C4 00 00 98 44 00 00 00 00 00 80 87 44 00 00 E7 44
								00 00 B0 43 00 00 51 44 00 00 E7 44 00 00 B4 43 00 00 51 44 00 00 D7 44 00 00 B4 43 00 80 87 44
								00 00 D7 44 00 00 B0 43 00 00 51 44 00 00 D7 44 00 00 94 43 00 00 51 44 00 00 E7 44 00 00 94 43
								00 80 87 44 00 00 E7 44 00 00 90 43 00 80 87 44 00 00 D7 44 00 00 90 43 00 00 04 44 00 00 1A 45
								00 00 20 43 00 00 30 43 00 00 1A 45 00 00 20 43 00 00 30 43 00 00 19 45 00 00 20 43 00 00 04 44
								00 00 19 45 00 00 20 43 00 00 04 44 00 00 19 45 00 00 B0 42 00 00 30 43 00 00 19 45 00 00 B0 42
								00 00 30 43 00 00 1A 45 00 00 B0 42 00 00 04 44 00 00 1A 45 00 00 B0 42 00 00 50 44 00 00 AA C4
								00 00 8C 43 00 00 30 44 00 00 BA C4 00 00 8C 43 00 00 70 44 00 00 DA C4 00 00 8C 43 00 00 88 44
								00 00 CA C4 00 00 8C 43 00 00 88 44 00 00 CA C4 00 00 80 C1 00 00 70 44 00 00 DA C4 00 00 80 C1
								00 00 30 44 00 00 BA C4 00 00 80 C1 00 00 50 44 00 00 AA C4 00 00 80 C1 00 00 50 C4 00 00 B8 44
								00 00 94 43 00 00 84 C4 00 00 B8 44 00 00 94 43 00 00 84 C4 00 00 B0 44 00 00 94 43 00 00 50 C4
								00 00 B0 44 00 00 94 43 00 00 50 C4 00 00 B0 44 00 00 82 43 00 00 84 C4 00 00 B0 44 00 00 82 43
								00 00 84 C4 00 00 B8 44 00 00 82 43 00 00 50 C4 00 00 B8 44 00 00 82 43 00 00 34 44 00 00 80 C0
								00 00 7C 43 00 00 C0 43 00 00 80 C0 00 00 7C 43 00 00 C0 43 00 00 00 C4 00 00 7C 43 00 00 34 44
								00 00 80 C0 00 00 1C C3 00 00 C0 43 00 00 00 C4 00 00 1C C3 00 00 C0 43 00 00 80 C0 00 00 1C C3
								00 00 74 44 00 00 9E C4 00 00 04 43 00 00 30 44 00 00 9E C4 00 00 04 43 00 00 30 44 00 00 BA C4
								00 00 04 43 00 00 74 44 00 00 BA C4 00 00 04 43 00 00 74 44 00 00 BA C4 00 00 80 C1 00 00 30 44
								00 00 9E C4 00 00 80 C1 00 00 74 44 00 00 9E C4 00 00 80 C1 00 00 2C 44 00 00 FC 43 00 00 3C 43
								00 00 2C 44 00 00 26 44 00 00 3C 43 00 00 22 44 00 00 26 44 00 00 3C 43 00 00 22 44 00 00 FC 43
								00 00 3C 43 00 00 2C 44 00 00 26 44 00 00 1C C3 00 00 2C 44 00 00 FC 43 00 00 1C C3 00 00 22 44
								00 00 FC 43 00 00 1C C3 00 00 22 44 00 00 26 44 00 00 1C C3 00 00 68 44 00 00 74 C3 00 00 7C 43
								00 00 A3 44 00 00 74 C3 00 00 7C 43 00 00 A3 44 00 00 E0 42 00 00 7C 43 00 00 58 44 00 00 E0 42
								00 00 7C 43 00 00 58 44 00 00 34 C3 00 00 7C 43 00 00 A3 44 00 00 E0 42 00 00 1C C3 00 00 A3 44
								00 00 74 C3 00 00 1C C3 00 00 68 44 00 00 74 C3 00 00 1C C3 00 00 58 44 00 00 E0 42 00 00 1C C3
								00 00 58 44 00 00 34 C3 00 00 1C C3 00 80 B5 C4 00 00 70 C4 BC 84 9F 43 00 00 E0 C4 00 00 70 C4
								BC 84 9F 43 00 00 E0 C4 00 00 84 C4 BC 84 9F 43 00 80 B5 C4 00 00 84 C4 BC 84 9F 43 00 80 B5 C4
								00 00 84 C4 38 B4 FF C1 00 00 E0 C4 00 00 84 C4 38 B4 FF C1 00 00 E0 C4 00 00 70 C4 38 B4 FF C1
								00 80 B5 C4 00 00 70 C4 38 B4 FF C1 00 00 89 44 00 00 88 C4 00 00 88 43 00 00 89 44 00 00 44 C4
								00 00 88 43 00 00 30 44 00 00 44 C4 00 00 88 43 00 00 30 44 00 00 88 C4 00 00 88 43 00 00 89 44
								00 00 44 C4 00 00 1C C3 00 00 89 44 00 00 88 C4 00 00 1C C3 00 00 30 44 00 00 88 C4 00 00 1C C3
								00 00 30 44 00 00 44 C4 00 00 1C C3 00 00 04 C4 00 00 80 44 00 00 48 44 00 00 48 C4 00 00 7E 44
								00 00 48 44 00 00 04 C4 00 00 7E 44 00 00 48 44 00 00 04 C4 00 00 7E 44 00 00 40 44 00 00 48 C4
								00 00 7E 44 00 00 40 44 00 00 04 C4 00 00 80 44 00 00 40 44 00 00 86 C4 00 00 7C 44 00 00 0C 42
								00 00 54 C4 00 00 44 44 00 00 0C 42 00 00 85 C4 00 00 7E 44 00 00 0C 42 00 00 86 C4 00 00 7C 44
								00 00 00 00 00 00 85 C4 00 00 7E 44 00 00 00 00 00 00 54 C4 00 00 44 44 00 00 00 00 00 00 D0 43
								00 00 CE 44 00 00 98 43 00 00 D0 43 00 00 B0 44 00 00 98 43 00 00 D8 43 00 00 B0 44 00 00 98 43
								00 00 D8 43 00 00 B0 44 00 00 88 43 00 00 D0 43 00 00 B0 44 00 00 88 43 00 00 D0 43 00 00 CE 44
								00 00 88 43 00 00 B0 44 00 00 AA 44 00 00 B8 43 00 00 B0 44 00 00 A3 44 00 00 B8 43 00 00 04 45
								00 00 A3 44 00 00 B8 43 00 00 04 45 00 00 A3 44 00 00 94 43 00 00 B0 44 00 00 A3 44 00 00 94 43
								E4 41 01 44 EE 38 EC 44 00 00 24 C2 00 02 04 44 00 A0 EB 44 00 00 24 C2 00 40 20 44 D8 0C 06 45
								00 00 24 C2 00 80 1D 44 78 59 06 45 00 00 24 C2 80 02 04 44 00 A0 EB 44 00 00 44 C2 00 40 20 44
								D0 0C 06 45 00 00 44 C2 00 49 0F 44 00 E5 07 45 00 00 A2 C2 03 16 E6 43 53 50 EF 44 00 00 A2 C2
								40 09 12 44 78 98 07 45 00 00 B2 C2 00 97 EB 43 00 B7 EE 44 00 00 B2 C2 00 16 E6 43 50 50 EF 44
								00 00 B2 C2 D7 48 0F 44 F7 E4 07 45 00 00 B2 C2 00 00 A0 C2 00 00 38 C4 00 00 98 43 00 00 B0 C3
								00 00 38 C4 00 00 98 43 00 00 B0 C3 00 00 4E C4 00 00 98 43 00 00 A0 C2 00 00 4E C4 00 00 98 43
								00 00 A0 C2 00 00 4E C4 00 00 80 C1 00 00 B0 C3 00 00 4E C4 00 00 80 C1 00 00 B0 C3 00 00 38 C4
								00 00 80 C1 00 00 A0 C2 00 00 38 C4 00 00 80 C1 00 00 C2 C4 00 00 40 C3 00 00 00 43 00 00 E8 C4
								00 00 40 C3 00 00 00 43 00 00 E8 C4 00 00 70 C4 00 00 00 43 00 00 C2 C4 00 00 70 C4 00 00 00 43
								00 00 C2 C4 00 00 70 C4 00 00 00 C2 00 00 E8 C4 00 00 70 C4 00 00 00 C2 00 00 E8 C4 00 00 40 C3
								00 00 00 C2 00 00 C2 C4 00 00 40 C3 00 00 00 C2 00 00 30 C4 00 80 C8 C4 00 00 88 43 00 C0 81 C4
								00 40 F2 C4 00 00 88 43 00 80 60 C4 00 E0 01 C5 00 00 88 43 00 00 0D C4 00 00 DA C4 00 00 88 43
								00 00 0D C4 00 00 DA C4 00 00 18 C3 00 80 60 C4 00 E0 01 C5 00 00 18 C3 00 C0 81 C4 00 40 F2 C4
								00 00 18 C3 00 00 30 C4 00 80 C8 C4 00 00 18 C3 00 00 08 44 00 80 04 C5 00 00 8C 43 00 00 80 43
								00 80 04 C5 00 00 8C 43 00 00 80 43 00 00 18 C5 00 00 8C 43 00 00 08 44 00 00 18 C5 00 00 8C 43
								00 00 08 44 00 00 18 C5 00 00 C0 41 00 00 80 43 00 00 18 C5 00 00 C0 41 00 00 80 43 00 80 04 C5
								00 00 C0 41 00 00 08 44 00 80 04 C5 00 00 C0 41 00 80 B3 C4 00 00 B0 43 00 00 34 44 00 80 BB C4
								00 00 90 43 00 00 34 44 00 80 BB C4 00 00 90 43 00 00 1A 44 00 80 B3 C4 00 00 B0 43 00 00 1A 44
								80 88 0C 44 98 31 08 45 00 00 B2 C2 5B 95 E0 43 44 E9 EF 44 00 00 B2 C2 C0 48 0F 44 F8 E4 07 45
								00 00 C2 C2 00 16 E6 43 50 50 EF 44 00 00 C2 C2 00 00 51 44 00 00 0B 45 00 00 B4 43 00 00 4E 44
								00 00 0B 45 00 00 B4 43 00 00 51 44 00 00 C4 44 00 00 B4 43 00 00 4E 44 00 00 0B 45 00 00 94 43
								00 00 51 44 00 00 0B 45 00 00 94 43 00 00 51 44 00 00 C4 44 00 00 94 43 00 00 20 41 00 00 88 42
								00 00 18 43 00 00 20 41 00 00 98 43 00 00 18 43 00 00 C0 40 00 00 98 43 00 00 18 43 00 00 C0 40
								00 00 88 42 00 00 18 43 00 00 88 41 00 00 88 42 00 00 08 43 00 00 80 BF 00 00 88 42 00 00 08 43
								00 00 80 BF 00 00 98 43 00 00 08 43 00 00 88 41 00 00 98 43 00 00 08 43 00 00 80 BF 00 00 98 43
								00 00 16 43 00 00 80 BF 00 00 88 42 00 00 16 43 00 00 88 41 00 00 88 42 00 00 16 43 00 00 88 41
								00 00 98 43 00 00 16 43 00 00 D7 C4 00 00 86 44 00 00 34 44 00 00 E2 C4 00 00 86 44 00 00 34 44
								00 00 E2 C4 00 00 12 44 00 00 34 44 00 00 E2 C4 00 00 86 44 00 00 1A 44 00 00 D7 C4 00 00 86 44
								00 00 1A 44 00 00 E2 C4 00 00 12 44 00 00 1A 44 00 00 C5 44 00 00 0C 45 00 00 B4 43 00 00 51 44
								00 00 0C 45 00 00 B4 43 00 00 C5 44 00 00 0C 45 00 00 94 43 00 00 51 44 00 00 0C 45 00 00 94 43
								00 80 EE 44 00 00 0C C4 00 00 88 43 00 80 EE 44 00 00 40 C2 00 00 88 43 00 00 BD 44 00 00 40 C2
								00 00 88 43 00 00 BD 44 00 00 0C C4 00 00 88 43 00 80 EE 44 00 00 40 C2 00 00 1C C3 00 80 EE 44
								00 00 0C C4 00 00 1C C3 00 00 BD 44 00 00 0C C4 00 00 1C C3 00 00 BD 44 00 00 40 C2 00 00 1C C3
								00 00 C0 41 00 00 32 C4 00 00 A4 43 00 00 A0 C2 00 00 32 C4 00 00 A4 43 00 00 A0 C2 00 00 48 C4
								00 00 A4 43 00 00 C0 41 00 00 48 C4 00 00 A4 43 00 00 C0 41 00 00 48 C4 00 00 80 C1 00 00 A0 C2
								00 00 48 C4 00 00 80 C1 00 00 A0 C2 00 00 32 C4 00 00 80 C1 00 00 C0 41 00 00 32 C4 00 00 80 C1
								00 00 20 C3 00 00 66 C4 00 00 8A 43 00 00 B8 C3 00 00 66 C4 00 00 8A 43 00 00 B8 C3 00 00 94 C4
								00 00 8A 43 00 00 20 C3 00 00 94 C4 00 00 8A 43 00 00 20 C3 00 00 94 C4 00 00 80 C1 00 00 B8 C3
								00 00 94 C4 00 00 80 C1 00 00 B8 C3 00 00 66 C4 00 00 80 C1 00 00 20 C3 00 00 66 C4 00 00 80 C1
								00 00 4F C4 00 00 E6 43 00 00 A4 43 00 00 54 C4 00 00 34 43 00 00 A4 43 00 00 4F C4 00 00 34 43
								00 00 A4 43 00 00 4F C4 00 00 34 43 00 00 82 43 00 00 54 C4 00 00 34 43 00 00 82 43 00 00 4F C4
								00 00 E6 43 00 00 82 43 00 00 B0 42 00 00 50 42 00 00 B8 43 00 00 00 00 00 00 50 42 00 00 B8 43
								00 00 00 00 00 00 10 C2 00 00 B8 43 00 00 B0 42 00 00 10 C2 00 00 B8 43 00 00 D0 42 00 00 50 C2
								00 00 08 43 00 00 80 C1 00 00 50 C2 00 00 08 43 00 00 80 C1 00 00 88 42 00 00 08 43 00 00 D0 42
								00 00 88 42 00 00 08 43 00 00 C0 44 00 80 83 45 00 00 98 43 00 00 64 44 00 80 83 45 00 00 98 43
								00 00 64 44 00 00 68 45 00 00 98 43 00 00 C0 44 00 00 68 45 00 00 98 43 00 00 C0 44 00 00 68 45
								00 00 78 43 00 00 64 44 00 00 68 45 00 00 78 43 00 00 64 44 00 80 83 45 00 00 78 43 00 00 C0 44
								00 80 83 45 00 00 78 43 00 00 40 42 00 C0 DE C4 00 80 AF 43 00 00 20 C2 00 C0 DE C4 00 80 AF 43
								00 00 20 C2 00 C0 E9 C4 00 80 AF 43 00 00 40 42 00 C0 E9 C4 00 80 AF 43 00 00 80 42 00 C0 EB C4
								00 00 EE 42 00 00 60 C2 00 C0 EB C4 00 00 EE 42 00 00 60 C2 00 C0 DC C4 00 00 EE 42 00 00 80 42
								00 C0 DC C4 00 00 EE 42 00 80 CD 43 00 00 88 44 00 00 10 43 00 80 CD 43 00 00 96 44 00 00 10 43
								00 80 CD 43 00 00 96 44 00 00 34 43 08 4C D5 43 00 00 96 44 00 00 34 43 
